863513030050171 	863513030050163 
863513030050072 	863513030050064 
863513030050056 	863513030050049 
863513030050031 	863513030050023 
863513030049934 	863513030049926 
863513030050015 	863513030050007 
863513030050114 	863513030050106 
863513030050635 	863513030050627 
863513030050619 	863513030050601 
863513030050551 	863513030050544 
863513030050494 	863513030050486 
863513030050593 	863513030050585 
863513030050577 	863513030050569 
863513030050536 	863513030050528 
863513030050510 	863513030050502 
863513030050791 	863513030050783 
863513030050759 	863513030050742 
863513030050718 	863513030050700 
863513030050676 	863513030050668 
863513030050478 	863513030050460 
863513030050775 	863513030050767 
863513030050734 	863513030050726 
863513030050692 	863513030050684 
863513030051310 	863513030051302 
863513030051294 	863513030051286 
863513030051278 	863513030051260 
863513030051252 	863513030051245 
863513030051237 	863513030051229 
863513030050452 	863513030050445 
863513030050437 	863513030050429 
863513030051351 	863513030051344 
863513030051377 	863513030051369 
863513030051070 	863513030051062 
863513030051096 	863513030051088 
863513030051138 	863513030051120 
863513030052672 	863513030052664 
863513030051013 	863513030051005 
863513030051039 	863513030051021 
863513030051054 	863513030051047 
863513030051211 	863513030051203 
863513030051179 	863513030051161 
863513030051153 	863513030051146 
863513030050817 	863513030050809 
863513030050833 	863513030050825 
863513030050858 	863513030050841 
863513030050874 	863513030050866 
863513030050916 	863513030050908 
863513030050890 	863513030050882 
863513030052136 	863513030052128 
863513030052110 	863513030052102 
863513030052078 	863513030052060 
863513030052094 	863513030052086 
863513030052938 	863513030052920 
863513030052052 	863513030052045 
863513030052698 	863513030052680 
863513030052953 	863513030052946 
863513030052193 	863513030052185 
863513030052235 	863513030052227 
863513030052912 	863513030052904 
863513030052771 	863513030052763 
863513030052219 	863513030052201 
863513030052292 	863513030052284 
863513030052250 	863513030052243 
863513030052276 	863513030052268 
863513030052391 	863513030052383 
863513030052318 	863513030052300 
863513030052177 	863513030052169 
863513030052359 	863513030052342 
863513030052151 	863513030052144 
863513030052458 	863513030052441 
863513030052474 	863513030052466 
863513030052573 	863513030052565 
863513030052532 	863513030052524 
863513030052557 	863513030052540 
863513030052615 	863513030052607 
863513030052490 	863513030052482 
863513030052979 	863513030052961 
863513030052896 	863513030052888 
863513030052870 	863513030052862 
863513030053217 	863513030053209 
863513030053134 	863513030053126 
863513030053118 	863513030053100 
863513030053076 	863513030053068 
863513030053050 	863513030053043 
863513030053035 	863513030053027 
863513030053431 	863513030053423 
863513030053415 	863513030053407 
863513030053399 	863513030053381 
863513030052813 	863513030052805 
863513030052839 	863513030052821 
863513030052854 	863513030052847 
863513030053357 	863513030053340 
863513030053332 	863513030053324 
863513030053373 	863513030053365 
863513030053597 	863513030053589 
863513030040438 	863513030040420 
863513030040594 	863513030040586 
863513030053514 	863513030053506 
863513030053316 	863513030053308 
863513030053639 	863513030053621 
863513030053290 	863513030053282 
863513030053472 	863513030053464 
863513030053498 	863513030053480 
863513030040511 	863513030040503 
863513030040487 	863513030040495 
863513030053738 	863513030053720 
863513030049892 	863513030049884 
863513030049959 	863513030049942 
863513030049850 	863513030049843 
863513030049835 	863513030049827 
863513030040537 	863513030040529 
863513030040552 	863513030040545 
863513030053811 	863513030053803 
863513030053795 	863513030053787 
863513030050650 	863513030050643 
863513030040453 	863513030040446 
863513030053654 	863513030053647 
863513030002013 	863513030002014 
863513030002015 	863513030002016 
863513030002009 	863513030002010 
863513030002001 	863513030002002 
863513030002007 	863513030002008 
863513030002017 	863513030002018 
863513030002019 	863513030002020 
863513030002021 	863513030002022 
863513030002031 	863513030002032 
863513030002023 	863513030002024 
863513030002025 	863513030002026 
863513030002027 	863513030002028 
863513030002029 	863513030002030 
863513030002033 	863513030002034 
863513030002035 	863513030002036 
863513030002041 	863513030002042 
863513030002045 	863513030002046 
863513030002037 	863513030002038 
863513030002039 	863513030002040 
863513030002043 	863513030002044 
863513030002047 	863513030002048 
863513030002051 	863513030002052 
863513030002049 	863513030002050 
863513030002055 	863513030002056 
863513030002057 	863513030002058 
863513030002059 	863513030002060 
863513030002063 	863513030002064 
863513030002065 	863513030002066 
863513030002067 	863513030002068 
863513030002078 	863513030002077 
863513030002070 	863513030002069 
863513030002071 	863513030002072 
863513030002075 	863513030002076 