863507030189591	863507030189583
863507030190458	863507030190441
863507030184550	863507030184543
863507030189237	863507030189229
863507030189351	863507030189344
863507030190292	863507030190284
863507030190573	863507030190565
863507030190250	863507030190243
863507030190557	863507030190540
863507030189617	863507030189609
863507030190417	863507030190409
863507030190151	863507030190144
863507030190672	863507030190664
863507030190193	863507030190185
863507030189252	863507030189245
863507030189070	863507030189062
863507030189575	863507030189567
863507030189310	863507030189302
863507030190474	863507030190466
863507030190375	863507030190367
863507030189633	863507030189625
863507030190938	863507030190920
863507030190219	863507030190201
863507030189294	863507030189286
863507030190698	863507030190680
863507030189336	863507030189328
863507030190532	863507030190524
863507030189518	863507030189500
863507030190953	863507030190946
863507030189195	863507030189187
863507030190490	863507030190482
863507030190599	863507030190581
863507030190656	863507030190649
863507030190714	863507030190706
863507030189559	863507030189542
863507030189534	863507030189526
863507030190391	863507030190383
863507030190631	863507030190623
863507030190235	863507030190227
863507030184576	863507030184568
863507030184238	863507030184220
863507030184295	863507030184287
863507030183933	863507030183925
863507030184477	863507030184469
863507030183511	863507030183503
863507030184196	863507030184188
863507030183891	863507030183883
863507030183537	863507030183529
863507030183578	863507030183560
863507030184154	863507030184147
863507030183552	863507030183545
863507030183859	863507030183842
863507030183818	863507030183800
863507030184253	863507030184246
863507030184170	863507030184162
863507030183792	863507030183784
863507030184212	863507030184204
863507030183917	863507030183909
863507030183875	863507030183867
863507030184675	863507030184667
863507030188411	863507030188403
863507030185698	863507030185680
863507030188098	863507030188080
863507030187694	863507030187686
863507030184691	863507030184683
863507030185813	863507030185805
863507030185896	863507030185888
863507030185672	863507030185664
863507030185557	863507030185540
863507030187116	863507030187108
863507030186076	863507030186068
863507030186696	863507030186688
863507030184774	863507030184766
863507030186092	863507030186084
863507030186993	863507030186985
863507030183990	863507030183982
863507030188676	863507030188668
863507030184634	863507030184626
863507030186670	863507030186662
863507030186712	863507030186704
863507030188759	863507030188742
863507030187496	863507030187488
863507030187611	863507030187603
863507030187074	863507030187066
863507030185979	863507030185961
863507030186134	863507030186126
863507030188353	863507030188346
863507030187314	863507030187306
863507030187033	863507030187025
863507030187132	863507030187124
863507030185771	863507030185763
863507030187538	863507030187520
863507030187199	863507030187181
863507030188593	863507030188585
863507030186258	863507030186241
863507030184618	863507030184600
863507030187330	863507030187322
863507030188296	863507030188288
863507030185532	863507030185524
863507030186217	863507030186209
863507030187470	863507030187462
863507030187595	863507030187587
863507030185599	863507030185581
863507030187272	863507030187264
863507030187017	863507030187009
863507030188452	863507030188445
863507030185870	863507030185862
863507030185797	863507030185789
863507030187736	863507030187728
863507030184055	863507030184048
863507030187413	863507030187405
863507030184030	863507030184022
863507030183958	863507030183941
863507030183974	863507030183966
863507030184113	863507030184105
863507030188072	863507030188064
863507030188031	863507030188023
863507030187777	863507030187769
863507030185474	863507030185466
863507030184733	863507030184725
863507030185490	863507030185482
863507030185854	863507030185847
863507030187553	863507030187546
863507030187793	863507030187785
863507030184592	863507030184584
863507030184451	863507030184444
863507030190433	863507030190425
863507030184014	863507030184006
863507030188015	863507030188007
863507030188056	863507030188049
863507030184519	863507030184501
863507030190979	863507030190961
863507030187371	863507030187363
863507030187454	863507030187447
863507030188114	863507030188106
863507030187892	863507030187884
863507030184717	863507030184709
863507030185458	863507030185441
863507030187215	863507030187207
863507030185573	863507030185565
863507030185631	863507030185623
863507030187637	863507030187629
863507030186597	863507030186589
863507030186654	863507030186647
863507030185755	863507030185748
863507030187298	863507030187280
863507030184097	863507030184089
863507030187512	863507030187504
863507030187397	863507030187389
863507030185912	863507030185904
863507030187579	863507030187561
863507030186159	863507030186142
863507030186175	863507030186167
863507030185938	863507030185920
863507030185953	863507030185946
863507030185995	863507030185987
863507030186191	863507030186183
863507030187876	863507030187868
863507030187918	863507030187900
863507030183735	863507030183727
863507030189294	863507030189286
863507030058598	863507030058580
863507030059471	863507030059463
863507030057053	863507030057046
863507030186555	863507030186548
863507030186373	863507030186365
863507030188437	863507030188429
863507030188494	863507030188486
863507030185318	863507030185300
863507030188338	863507030188320
863507030184857	863507030184840
863507030186456	863507030186449
863507030187959	863507030187942
863507030187819	863507030187801
863507030186332	863507030186324
863507030184816	863507030184808
863507030186472	863507030186464
863507030186274	863507030186266
863507030188510	863507030188502
863507030185078	863507030185060
863507030185433	863507030185425
863507030186852	863507030186845
863507030186738	863507030186720
863507030188130	863507030188122
863507030186894	863507030186886
863507030186019	863507030186001
863507030185136	863507030185128
863507030186779	863507030186761
863507030185359	863507030185342
863507030188197	863507030188189
863507030186530	863507030186522
863507030186837	863507030186829
863507030185250	863507030185243
863507030188619	863507030188601
863507030188692	863507030188684
863507030185011	863507030185003
863507030185235	863507030185227
863507030186290	863507030186282
863507030184915	863507030184907
863507030186910	863507030186902
863507030186977	863507030186969
863507030188775	863507030188767
863507030186514	863507030186506
863507030184972	863507030184964
863507030188379	863507030188361
863507030188536	863507030188528
863507030187355	863507030187348
863507030186050	863507030186043
863507030186316	863507030186308
863507030188718	863507030188700
863507030186936	863507030186928
863507030184899	863507030184881
863507030185151	863507030185144
863507030186415	863507030186407
863507030186357	863507030186340
863507030188734	863507030188726
863507030184956	863507030184949
863507030188171	863507030188163
863507030188312	863507030188304
863507030186431	863507030186423
863507030186571	863507030186563
863507030185193	863507030185185
863507030184790	863507030184782
863507030185219	863507030185201
863507030185292	863507030185284
863507030185391	863507030185383
863507030186878	863507030186860
863507030186233	863507030186225
863507030185052	863507030185045
863507030185417	863507030185409
863507030188478	863507030188460
863507030184998	863507030184980
863507030188635	863507030188627
863507030188551	863507030188544
863507030188650	863507030188643
863507030188155	863507030188148
863507030185037	863507030185029
863507030184931	863507030184923
863507030186399	863507030186381
863507030185334	863507030185326
863507030187934	863507030187926
863507030186811	863507030186803
863507030165195	863507030165187
863507030165153	863507030165146
863507030165138	863507030165120
863507030165112	863507030165104
863507030166177	863507030166169
863507030166193	863507030166185
863507030167050	863507030167043
863507030167076	863507030167068
863507030166052	863507030166045
863507030167092	863507030167084
863507030166953	863507030166946
863507030167134	863507030167126
863507030167175	863507030167167
863507030167191	863507030167183
863507030167159	863507030167142
863507030166979	863507030166961
863507030167118	863507030167100
863507030166912	863507030166904
863507030166896	863507030166888
863507030166813	863507030166805
863507030166797	863507030166789
863507030166870	863507030166862
863507030166755	863507030166748
863507030166714	863507030166706
863507030166698	863507030166680
863507030166656	863507030166649
863507030166631	863507030166623
863507030166672	863507030166664
863507030166730	863507030166722
863507030166771	863507030166763
863507030166474	863507030166466
863507030166490	863507030166482
863507030166516	863507030166508
863507030166615	863507030166607
863507030166599	863507030166581
863507030166557	863507030166540
863507030165716	863507030165708
863507030165690	863507030165682
863507030165633	863507030165625
863507030165617	863507030165609
863507030165591	863507030165583
863507030165575	863507030165567
863507030165559	863507030165542
863507030166011	863507030166003
863507030165815	863507030165807
863507030165997	863507030165989
863507030165831	863507030165823
863507030165799	863507030165781
863507030165757	863507030165740
863507030165732	863507030165724
863507030166037	863507030166029
863507030165872	863507030165864
863507030165930	863507030165922
863507030165856	863507030165849
863507030166219	863507030166201
863507030166235	863507030166227
863507030166276	863507030166268
863507030166417	863507030166409
863507030166433	863507030166425
863507030166458	863507030166441
863507030166375	863507030166367
863507030166318	863507030166300
863507030166334	863507030166326
863507030166110	863507030166102
863507030166078	863507030166060
863507030165450	863507030165443
863507030165435	863507030165427
863507030165393	863507030165385
863507030165534	863507030165526
863507030165518	863507030165500
863507030165492	863507030165484
863507030165476	863507030165468
863507030165211	863507030165203
863507030165237	863507030165229
863507030165252	863507030165245
863507030165310	863507030165302
863507030165336	863507030165328
863507030165351	863507030165344
863507030165377	863507030165369