862668030196274	862668030196266
862668030196316	862668030196308
862668030195391	862668030195383
862668030195417	862668030195409
862668030195359	862668030195342
862668030195375	862668030195367
862668030195490	862668030195482
862668030195474	862668030195466
862668030195615	862668030195607
862668030195458	862668030195441
862668030195532	862668030195524
862668030195516	862668030195508
862668030195573	862668030195565
862668030195599	862668030195581
862668030195433	862668030195425
862668030196290	862668030196282
862668030195094	862668030195086
862668030195110	862668030195102
862668030195136	862668030195128
862668030195151	862668030195144
862668030195052	862668030195045
862668030195037	862668030195029
862668030195250	862668030195243
862668030195235	862668030195227
862668030195219	862668030195201
862668030195193	862668030195185
862668030195334	862668030195326
862668030195318	862668030195300
862668030191895	862668030191887
862668030191911	862668030191903
862668030191937	862668030191929
862668030191994	862668030191986
862668030191978	862668030191960
862668030191952	862668030191945
862668030190954	862668030190947
862668030190970	862668030190962
862668030190996	862668030190988
862668030191010	862668030191002
862668030190871	862668030190863
862668030190897	862668030190889
862668030190913	862668030190905
862668030191135	862668030191127
862668030191150	862668030191143
862668030191176	862668030191168
862668030191077	862668030191069
862668030191036	862668030191028
862668030191051	862668030191044
862668030191119	862668030191101
862668030192455	862668030192448
862668030192877	862668030192869
862668030193552	862668030193545
862668030190756	862668030190749
862668030190798	862668030190780
862668030197116	862668030197108
862668030196977	862668030196969
862668030196951	862668030196944
862668030196936	862668030196928
862668030196852	862668030196845
862668030197173	862668030197165
862668030197215	862668030197207
862668030197199	862668030197181
862668030197090	862668030197082
862668030197272	862668030197264
862668030197298	862668030197280
862668030197314	862668030197306
862668030197355	862668030197348
862668030197371	862668030197363
862668030197397	862668030197389
862668030197413	862668030197405
862668030197496	862668030197488
862668030197157	862668030197140
862668030197454	862668030197447
862668030197439	862668030197421
862668030197819	862668030197801
862668030197512	862668030197504
862668030197132	862668030197124
862668030197553	862668030197546
862668030197595	862668030197587
862668030197579	862668030197561
862668030197959	862668030197942
862668030197934	862668030197926
862668030197918	862668030197900
862668030197975	862668030197967
862668030197991	862668030197983
862668030198015	862668030198007
862668030197793	862668030197785
862668030197678	862668030197660
862668030197736	862668030197728
862668030197777	862668030197769
862668030197694	862668030197686
862668030197710	862668030197702
862668030196159	862668030196142
862668030195953	862668030195946
862668030196134	862668030196126
862668030196118	862668030196100
862668030196076	862668030196068
862668030196019	862668030196001
862668030195813	862668030195805
862668030195672	862668030195664
862668030195714	862668030195706
862668030195631	862668030195623
862668030195698	862668030195680
862668030195896	862668030195888
862668030196555	862668030196548
862668030196456	862668030196449
862668030196431	862668030196423
862668030196415	862668030196407
862668030196399	862668030196381
862668030196373	862668030196365
862668030197017	862668030197009
862668030196779	862668030196761
862668030196613	862668030196605
862668030194956	862668030194949
862668030196712	862668030196704
862668030196837	862668030196829
862668030196811	862668030196803
862668030196498	862668030196480
862668030192117	862668030192109
862668030192158	862668030192141
862668030194295	862668030194287
862668030192133	862668030192125
862668030192174	862668030192166
862668030199070	862668030199062
862668030198676	862668030198668
862668030198270	862668030198262
862668030198718	862668030198700
862668030198858	862668030198841
862668039911319	862668039911301
862668039881256	862668039881249
862668039882619 	862668039882601 
862668039883039 	862668039883021 
862668039882593 	862668039882585 
862668039880472 	862668039880464 
862668039880373 	862668039880365 
862668039880134 	862668039880126 
862668039880233 	862668039880225 
862668039880076 	862668039880068 
862668039880050 	862668039880043 
862668039880191 	862668039880183 
862668039880035 	862668039880027 
862668039880290 	862668039880282 
862668039880175 	862668039880167 
862668039880670 	862668039880662 
862668039880654 	862668039880647 
862668039880639 	862668039880621 
862668039880613 	862668039880605 
862668039880498 	862668039880480 
862668039880456 	862668039880449 
862668039880571 	862668039880563 
862668039882510 	862668039882502 
862668039882494 	862668039882486 
862668039882791 	862668039882783 
862668039882775 	862668039882767 
862668039882759 	862668039882742 
862668039882734 	862668039882726 
862668039882973 	862668039882965 
862668039882957 	862668039882940 
862668039882114 	862668039882106 
862668039882130 	862668039882122 
862668039882155 	862668039882148 
862668039882171 	862668039882163 
862668039882833 	862668039882825 
862668039882858 	862668039882841 
862668039882874 	862668039882866 
862668039881199 	862668039881181 
862668039881173 	862668039881165 
862668039880936 	862668039880928 
862668039880951 	862668039880944 
862668039880977 	862668039880969 
862668039880993 	862668039880985 
862668039881017 	862668039881009 
862668039881116 	862668039881108 
862668039880852 	862668039880845 
862668039880837 	862668039880829 
862668039880811 	862668039880803 
862668039880795 	862668039880787 
862668039880779 	862668039880761 
862668039880753 	862668039880746 
862668039881132 	862668039881124 
862668039881033 	862668039881025 
862668039880738 	862668039880720 
862668039880597 	862668039880589 
862668039880415 	862668039880407 
862668039880696 	862668039880688 
862668039880712 	862668039880704 
862668039880399 	862668039880381 
862668039880514 	862668039880506 
862668039880530 	862668039880522 
862668039883237 	862668039883229 
862668039883294 	862668039883286 
862668039883179 	862668039883161 
862668039882999 	862668039882981 
862668039879854 	862668039879847 
862668039879953 	862668039879946 
862668039880118 	862668039880100 
862668039880159 	862668039880142 
862668039880258 	862668039880241 
862668039880274 	862668039880266 
862668039881090 	862668039881082 
862668039881371 	862668039881363 
862668039881157 	862668039881140 
862668039880878 	862668039880860 
862668039880894 	862668039880886 
862668039880910 	862668039880902 
862668039881413 	862668039881405 
862668039881439 	862668039881421 
862668039881215 	862668039881207 
862668039881231 	862668039881223 
862668039881256 	862668039881249 
862668039881330 	862668039881322 
862668039881355 	862668039881348 
862668039881298 	862668039881280 
862668039881058 	862668039881041 
862668039880019 	862668039880001 
862668039883310 	862668039883302 
862668039883195 	862668039883187 
862668039879797 	862668039879789 
862668039883336 	862668039883328 
862668039879995 	862668039879987 
862668039879979 	862668039879961 
862668039882932 	862668039882924 
862668039882916 	862668039882908 
862668039882890 	862668039882882 
862668039882718 	862668039882700 
862668039882692 	862668039882684 
862668039882676 	862668039882668 
862668039882650 	862668039882643 
862668039911517 	862668039911509 
862668039911533 	862668039911525 
862668039911475 	862668039911467 
862668039911491 	862668039911483 
862668039911434 	862668039911426 
862668039911459 	862668039911442 
862668039908935 	862668039908927 
862668039911277 	862668039911269 
862668039911293 	862668039911285 
862668039883278 	862668039883260 
862668039879912 	862668039879904 
862668039911335 	862668039911327 
862668039879870 	862668039879862 
862668039879896 	862668039879888 
862668039882312 	862668039882304 
862668039908893 	862668039908885 
862668039908919 	862668039908901 
862668039908877 	862668039908869 
862668039908836 	862668039908828 
862668039908851 	862668039908844 
862668039882338 	862668039882320 
862668039882353 	862668039882346 
862668039881975 	862668039881967 
862668039881991 	862668039881983 
862668039881751 	862668039881744 
862668039881710 	862668039881702 
862668039881892 	862668039881884 
862668039881918 	862668039881900 
862668039881934 	862668039881926 
862668039881959 	862668039881942 
862668039881876 	862668039881868 
862668039881850 	862668039881843 
862668039881835 	862668039881827 
862668039882098 	862668039882080 
862668039882072 	862668039882064 
862668039882031 	862668039882023 
862668039882015 	862668039882007 
862668039882379 	862668039882361 
862668039911210 	862668039911202 
862668039911376 	862668039911368 
862668039911236 	862668039911228 
862668039911251 	862668039911244 
862668039882239 	862668039882221 
862668039882213 	862668039882205 
862668039882197 	862668039882189 
862668039882270 	862668039882262 
862668039882296 	862668039882288 
862668039908810 	862668039908802 
862668039881611 	862668039881603 
862668039881595 	862668039881587 
862668039881553 	862668039881546 
862668039881579 	862668039881561 
862668039881538 	862668039881520 
862668039881652 	862668039881645 
862668039881512 	862668039881504 
862668030007695 	862668030007687 
862668030007794 	862668030007786 
862668030007836 	862668030007828 
862668030007778 	862668030007760 
862668030007737 	862668030007729 
862668030008016 	862668030008008 
862668030007992 	862668030007984 
862668030007810 	862668030007802 
862668030007752 	862668030007745 
862668030008057 	862668030008040 
862668030008156 	862668030008149 
862668030008131 	862668030008123 
862668030008115 	862668030008107 
862668030008032 	862668030008024 
862668030008230 	862668030008222 
862668030008214 	862668030008206 
862668030008198 	862668030008180 
862668030008339 	862668030008321 
862668030008297 	862668030008289 
862668030008271 	862668030008263 
862668030008453 	862668030008446 
862668030008396 	862668030008388 
862668030008354 	862668030008347 
862668030008495 	862668030008487 
862668030008479 	862668030008461 
862668030008412 	862668030008404 
862668030008370 	862668030008362 
862668030008594 	862668030008586 
862668030008552 	862668030008545 
862668030008511 	862668030008503 
862668030008651 	862668030008644 
862668030008578 	862668030008560 
862668030008537 	862668030008529 
862668030008735 	862668030008727 
862668030008719 	862668030008701 
862668030008693 	862668030008685 
862668030008677 	862668030008669 
862668030008792 	862668030008784 
862668030008818 	862668030008800 
862668030008776 	862668030008768 
862668030008750 	862668030008743 
862668030176870 	862668030176862 
862668030176938 	862668030176920 
862668030176813 	862668030176805 
862668030176730 	862668030176722 
862668030176839 	862668030176821 
862668030176953 	862668030176946 
862668030176912 	862668030176904 
862668030176854 	862668030176847 
862668030176797 	862668030176789 
862668030176771 	862668030176763 
862668030176672 	862668030176664 
862668030176474 	862668030176466 
862668030176896 	862668030176888 
862668030176599 	862668030176581 
862668030176656 	862668030176649 
862668030176698 	862668030176680 
862668030176615 	862668030176607 
862668030176631 	862668030176623 
862668030176516 	862668030176508 
862668030176714 	862668030176706 
862668030176490 	862668030176482 
862668030176532 	862668030176524 
862668030176755 	862668030176748 
862668030176557 	862668030176540 
862668030176573 	862668030176565 
862668030011077 	862668030011069 
862668030012273 	862668030012265 
862668030010772 	862668030010764 
862668030011119 	862668030011101 
862668030010871 	862668030010863 
862668030010830 	862668030010822 
862668030013156 	862668030013149 
862668030013230 	862668030013222 
862668030012752 	862668030012745 
862668030011234 	862668030011226 
862668030014634 	862668030014626 
862668030012315 	862668030012307 
862668030010574 	862668030010566 
862668030012976 	862668030012968 
862668030013719 	862668030013701 
862668030014659 	862668030014642 
862668030011218 	862668030011200