863970038362398
863970038364816
863970038416533
863970038442331
863970038513099
863970038513115
863970038513172
863970038515870
863970038520938
863970038520995
863970038521175
863970038522611
863970038522876
863970038523114
863970038523551
863970038524054
863970038524252
863970038526711
863970038674057
863970038674594
863970038707857
863970039897095
863970038415915
863970038417358
863970038419354
863970038421152
863970038421871
863970038425690
863970038440194
863970038441432
863970038441838
863970038441853
863970038441879
863970038442117
863970038518858
863970038519351
863970038520896
863970038522595
863970038523130
863970038523510
863970038523536
863970038524278
863970038524393
863970038524419
863970038526497
863970038632816
863970038634093
863970038658415
863970038658712
863970038658910
863970038659090
863970038659538
863970038661690
863970038674099
863970038674313
863970038707477
863970038707816
863970038708079
863970038708111
863970039882873
863970039882899
863970039883350
863970039897079
863970039897632
863970038337234
863970038365375
863970038365433
863970038365797
863970038415873
863970038416517
863970038516357
863970038516373
863970038518379
863970038518494
863970038519591
863970038519617
863970038520219
863970038520318
863970038520953
863970038521910
863970038522835
863970038522959
863970038525119
863970038525895
863970038525911
863970038526471
863970038526778
863970038526794
863970038526810
863970038531737
863970038633038
863970038633095
863970038634036
863970038656336
863970038656492
863970038656716
863970038656872
863970038659231
863970038661617
863970038661856
863970038673554
863970038673737
863970038675294
863970038707394
863970038707576
863970038707634
863970038708012
863970038338455
863970038357398
863970038362877
863970038415857
863970038418612
863970038418638
863970038418976
863970038419057
863970038419396
863970038419453
863970038421954
863970038438990
863970038440632
863970038442257
863970038516399
863970038516654
863970038518411
863970038518718
863970038518775
863970038520656
863970038522173
863970038522256
863970038522413
863970038526539
863970038531919
863970038634713
863970038634812
863970038635314
863970038635355
863970038653713
863970038657136
863970038673810
863970038674776
863970038675252
863970038708210
863970039897137
863970039897574
863970038337192
863970038362356
863970038416871
863970038421657
863970038519476
863970038519633
863970038519674
863970038520979
863970038521639
863970038522215
863970038523338
863970038523395
863970038523734
863970038523874
863970038523890
863970038524518
863970038632337
863970038634754
863970038653671
863970038659553
863970038673851
863970038673877
863970038674131
863970038674156
863970038707030
863970038707998
863970039882733
863970039883558
863970039897459
863970038337259
863970038340014
863970038341434
863970038362331
863970038364774
863970038364956
863970038365813
863970038416376
863970038417218
863970038418992
863970038439055
863970038440897
863970038516076
863970038516274
863970038516332
863970038517819
863970038518510
863970038519179
863970038519310
863970038519450
863970038519658
863970038520110
863970038522199
863970038522439
863970038522793
863970038522819
863970038523692
863970038523759
863970038524351
863970038524377
863970038525036
863970038526893
863970038632790
863970038634630
863970038635256
863970038659413
863970038661757
863970038674438
863970038674511
863970038707436
863970038707618
863970038707691
863970039882592
863970038337291
863970038339974
863970038417077
863970038418596
863970038421913
863970038441176
863970038517710
863970038517793
863970038519195
863970038520458
863970038520698
863970038521456
863970038522157
863970038522272
863970038522579
863970038522637
863970038522710
863970038522736
863970038522918
863970038523411
863970038523775
863970038523817
863970038523999
863970038524633
863970038632071
863970038632154
863970038633152
863970038659298
863970038659470
863970038661971
863970038674453
863970038707592
863970039882956
863970039897251
863970039897491
863970039897715
863970039897996
863970038340253
863970038415931
863970038418711
863970038421939
863970038438891
863970038515714
863970038515896
863970038516753
863970038516795
863970038520839
863970038522678
863970038523379
863970038523593
863970038525077
863970038525317
863970038526877
863970038632634
863970038632774
863970038656476
863970038656856
863970038658779
863970038659256
863970038659595
863970038673232
863970038674578
863970038674651
863970038674735
863970038337135
863970038340196
863970038364352
863970038364832
863970038416111
863970038416418
863970038417036
863970038418539
863970038419032
863970038422655
863970038439030
863970038512810
863970038516498
863970038516530
863970038517918
863970038519237
863970038519799
863970038520730
863970038520771
863970038523239
863970038523718
863970038631354
863970038632097
863970038632253
863970038632295
863970038632998
863970038633731
863970038634879
863970038635033
863970038653697
863970038653754
863970038657052
863970038658738
863970038659215
863970038673414
863970038673893
863970038674172
863970038707139
863970038707758
863970039882931
863970039897210
863970039897558
863970037755188
863970037773488
863970037774866
863970037775541
863970037776366
863970037776986
863970037777000
863970037790805
863970037800489
863970037801248
863970038339651
863970038362851
863970038364311
863970038364394
863970038416459
863970038416558
863970038417051
863970038417374
863970038418091
863970038418299
863970038421699
863970038438933
863970038439071
863970038518437
863970038518478
863970038518676
863970038518890
863970038519559
863970038519690
863970038519872
863970038520037
863970038520714
863970038520870
863970038520912
863970038521233
863970038521316
863970038521597
863970038521779
863970038522496
863970038522850
863970038522934
863970038524039
863970038525051
863970038525093
863970038526612
863970038527438
863970038632832
863970038632873
863970038634010
863970038634135
863970038635199
863970038656815
863970038657037
863970038658795
863970038658936
863970038661997
863970038673315
863970038673752
863970038673992
863970038707055
863970038707113
863970038707170
863970038707196
863970038707451
863970038708152
863970039882659
863970039882915
863970039883517
863970037182987
863970037183167
863970037755204
863970037757705
863970037773421
863970037773520
863970037773942
863970037774049
863970037774148
863970037774361
863970037774882
863970037774908
863970037775186
863970037775384
863970037775566
863970037775582
863970037776549
863970037776887
863970037776903
863970037776945
863970037777026
863970037777224
863970037777729
863970037777760
863970037790904
863970037792660
863970037795127
863970037795242
863970037797644
863970037798204
863970037798220
863970037798246
863970037798287
863970037798329
863970037798485
863970037799046
863970037799103
863970037799301
863970037800042
863970037800463
863970037800646
863970037801065
863970038337218
863970038338836
863970038340030
863970038340113
863970038341350
863970038361796
863970038365698
863970038365730
863970038415998
863970038417390
863970038418570
863970038418893
863970038422119
863970038441390
863970038442075
863970038512851
863970038515797
863970038516035
863970038516456
863970038516613
863970038517835
863970038517934
863970038517959
863970038518171
863970038518452
863970038518536
863970038518551
863970038518692
863970038518791
863970038519039
863970038519112
863970038519278
863970038519732
863970038519757
863970038520250
863970038520292
863970038520391
863970038520615
863970038521274
863970038521290
863970038521332
863970038521357
863970038521837
863970038521993
863970038522058
863970038522231
863970038522470
863970038522652
863970038522694
863970038523072
863970038523098
863970038523155
863970038523197
863970038524336
863970038524658
863970038524914
863970038524971
863970038525218
863970038525358
863970038526596
863970038526679
863970038527396
863970038631412
863970038631495
863970038631735
863970038631834
863970038632212
863970038632352
863970038632675
863970038633137
863970038633350
863970038633376
863970038633434
863970038633996
863970038634275
863970038634838
863970038634937
863970038635017
863970038635157
863970038656013
863970038656450
863970038656898
863970038658498
863970038658670
863970038659512
863970038659579
863970038673778
863970038673794
863970038674016
863970038674032
863970038674214
863970038674230
863970038674719
863970038707154
863970038707519
863970038707535
863970038707675
863970039328356
863970039882998
863970039897053
863970039897418
863970037183043
863970037773983
863970037775129
863970037776341
863970037776507
863970037776804
863970037778842
863970037797263
863970037798162
863970037799368
863970037801487
863970038338679
863970038362372
863970038362497
863970038362695
863970038363719
863970038417515
863970038418554
863970038419495
863970038420873
863970038421236
863970038421715
863970038421970
863970038422796
863970038437935
863970038440491
863970038441333
863970038441457
863970038516050
863970038516555
863970038517991
863970038518577
863970038518734
863970038519815
863970038520854
863970038521753
863970038522017
863970038523171
863970038523213
863970038524294
863970038524559
863970038524674
863970038525697
863970038526836
863970038526935
863970038631594
863970038632436
863970038632956
863970038633798
863970038634796
863970038653614
863970038658837
863970038659033
863970038659173
863970038659272
863970038673570
863970038673711
863970038707212
863970038707352
863970038707493
863970038708095
863970039882758
863970036691251
863970037182847
863970037183084
863970037183100
863970037183126
863970037774007
863970037774106
863970037774429
863970037775426
863970037779063
863970037780889
863970037793007
863970037793569
863970037798089
863970037799806
863970038337317
863970038416178
863970038421491
863970038438859
863970038441192
863970038512893
863970038516019
863970038518130
863970038518999
863970038519971
863970038520193
863970038520813
863970038522397
863970038523676
863970038523932
863970038524310
863970038531711
863970038631479
863970038632170
863970038632899
863970038633756
863970038634150
863970038634978
863970038635058
863970038635132
863970038635371
863970038656351
863970038656930
863970038658993
863970038659116
863970038659132
863970039882634
863970039883418
863970039897178
863970039897335
863970037756707
863970037773405
863970037773926
863970037774387
863970037775749
863970037777042
863970037777687
863970037801503
863970038340139
863970038363495
863970038416012
863970038416053
863970038416152
863970038418935
863970038421533
863970038512976
863970038518395
863970038519054
863970038519138
863970038519153
863970038521795
863970038521936
863970038521977
863970038522355
863970038522751
863970038522892
863970038659199
863970038673471
863970038707238
863970036700417
863970037757606
863970037760626
863970037791001
863970037794021
863970037794146
863970038421137
863970038421632
863970038438875
863970038440855
863970038441572
863970038516258
863970038520672
863970038522975
863970038524575
863970038631792
863970038633533
863970038659397
863970038674495
863970039896998
863970039933833
863970036720795
863970037757903
863970037758364
863970037760741
863970037776085
863970037777828
863970037795044
863970037797743
863970037797784
863970037800703
863970037800869
863970037801107
863970037801206
863970038339594
863970038340097
863970038363313
863970038418752
863970038421293
863970038440392
863970038441598
863970038441911
863970038512919
863970038518056
863970038518338
863970038520433
863970038521191
863970038522298
863970038522330
863970038523577
863970038632519
863970038632915
863970038633475
863970038634234
863970038673935
863970038674537
863970038707311
863970037182920
863970037757960
863970037758687
863970037776028
863970037778768
863970037790789
863970037791803
863970037793460
863970037799442
863970037801362
863970038364899
863970038415832
863970038416632
863970038420857
863970038421517
863970038440913
863970038515656
863970038517751
863970038518312
863970038518957
863970038521019
863970038526554
863970038631370
863970038631610
863970038632972
863970038633210
863970038633517
863970038633954
863970038633970
863970038634119
863970038634671
863970038634853
863970038634994
863970038635116
863970038656054
863970038658514
863970038673356
863970036689651
863970036699536
863970036722197
863970037183001
863970037758844
863970037792389
863970037792462
863970037795200
863970037797701
863970037801024
863970038340170
863970038365755
863970038416913
863970038421897
863970038440350
863970038440772
863970038441077
863970038512778
863970038518973
863970038522777
863970038524476
863970038526919
863970038631578
863970038656559
863970038659074
863970038674693
863970039897517
863970036101004
863970036142669
863970036143840
863970036699015
863970036700375
863970037182748
863970037183381
863970037758463
863970037773645
863970037775103
863970037775368
863970037793387
863970037795069
863970037795283
863970038363370
863970038363578
863970038365672
863970038421574
863970038439170
863970038440939
863970038441895
863970038516597
863970038517777
863970038523619
863970038524617
863970038527073
863970038632410
863970038632618
863970038633913
863970038634770
863970038656096
863970038656112
863970038656195
863970038659157
863970039883475
863970036144186
863970036701092
863970036714715
863970037754900
863970037757622
863970037758380
863970037773686
863970037773785
863970037776069
863970037778685
863970037791548
863970037796828
863970037801180
863970037801222
863970038339610
863970038360855
863970038416319
863970038417853
863970038418315
863970038425617
863970038512737
863970038516472
863970038516670
863970038519096
863970038519435
863970038526695
863970038633012
863970038634176
863970038635173
863970038656294
863970038656732
863970038657078
863970038659355
863970038707071
863970038901294
863970038901310
863970036141562
863970036142545
863970036687572
863970036698314
863970036698397
863970036699999
863970036722759
863970037756681
863970037770104
863970037773322
863970038362570
863970038364915
863970038417119
863970038440459
863970038440475
863970038512950
863970038516118
863970038518817
863970038522454
863970038631636
863970038631776
863970038656278
863970036143428
863970036697316
863970036698298
863970036698330
863970036703775
863970036720571
863970036721413
863970036721595
863970036722155
863970036722718
863970036724151
863970037182524
863970037182623
863970037183308
863970037755162
863970037758323
863970037775608
863970037776465
863970037777141
863970037792363
863970037792587
863970037793486
863970037798907
863970037800208
863970037801529
863970038364279
863970038419198
863970038419214
863970038420931
863970038437810
863970038513156
863970038517850
863970038524690
863970038631297
863970038631438
863970038632451
863970038633632
863970038634374
863970038656153
863970038656955
863970038673836
863970038673919
863970038674073
863970038674479
863970036140804
863970036144426
863970036144483
863970036241180
863970036698355
863970036698371
863970036700011
863970036701134
863970036721611
863970036721637
863970036722478
863970036723575
863970036728152
863970037182607
863970037183548
863970037773587
863970037775764
863970037776101
863970037799186
863970037799780
863970038512935
863970038513131
863970038518213
863970038520078
863970038521217
863970038521878
863970038633558
863970038634259
863970038653655
863970038656377
863970038661831
863970038673372
863970038673539
863970038706990
863970038707733
863970038707899
863970036098705
863970036142628
863970036143709
863970036144145
863970036689818
863970036691657
863970036697217
863970036697894
863970036698116
863970036698959
863970036699379
863970036699437
863970036699510
863970036713816
863970036716611
863970036716678
863970036720597
863970036720977
863970036721652
863970036722635
863970036723153
863970036725653
863970037182706
863970037755600
863970037757846
863970037758745
863970037759446
863970037759529
863970037759545
863970037774627
863970037775228
863970037777265