863807034414296 
863807034414015 
863807034412373 
863807034410732 
863807034405914 
863807034404552 
864225039977234 
864225039972698 
864225039967474 
864225039967458 
864225039966930 
864225039966534 
864225039864077 
864225039861818 
864225039857097 
864225039855737 
864225039852072 
864225039805559 
864225039775935 
864225039746878 
864225039746852 
864225039746472 
864225039746076 
864225039696230 
864225039695612 
864225039682636 
864225039658818 
864225039658537 
864225039657893 
864225039657711 
864225039657653 
864225039657430 
864225039657216 
864225039657158 
864225039656994 
864225039655996 
864225039597230 
864225039595192 
864225039527955 
864225039492556 
864225039492275 
864225039490816 
864225039490659 
864225039444037 
864225039396575 
864225039396211 
864225039394638 
864225039394091 
864225039388051 
864225039378615 
864225039366214 
864225039357312 
864225039354855 
864225039354830 
864225039351315 
864225039350218 
864225039348915 
864225039345333 
864225039331796 
864225039331051 
864225039331036 
864225039324239 
864225039324015 
864225039323355 
864225039323256 
864225039321631 
864225039321078 
864225039319437 
864225039318959 
864225039311277 
864225039309172 
864225039305238 
864225039301096 
864225039290190 
864225039286818 
864225039286438 
864225039281751 
864225039281611 
864225039279870 
864225039278617 
864225039278179 
864225039278013 
864225039277999 
864225039251234 
864225039237456 
864225039230097 
864225039206717 
864225039201817 
864225039201734 
864225039199078 
864225039155450 
864225039154339 
864225039152192 
864225039126758 
864225039126618 
864225039102478 
864225039097298 
864225039096530 
864225039005531 
864225039005515 
864225038999817 
864225038999510 
864225038999478 
864225038993190 
864225038990071 
864225038989917 
864225038898076 
864225038893416 
864225038893192 
864225038889034 
864225038888812 
864225038784797 
864225038767719 
864225038745277 
864225038744874 
864225038742431 
864225038740674 
864225038707210 
864225038516496 
864225038477715 
864225038477418 
864225038477319 
864225038450571 
864225038450233 
864225038441513 
864225038422075 
864225038403430 
864225038392211 
864225038353510 
864225038349617 
864225038347496 
864225038346936 
864225038330930 
864225038330831 
864225038330815 
864225038326532 
864225038324859 
864225038303598 
864225038302558 
864225038302517 
864225038302475 
864225038302459 
864225038296859 
864225038295430 
864225038293377 
864225038288997 
864225038288716 
864225038287072 
864225038221675 
864225038216436 
864225038159990 
864225038157051 
864225038155196 
864225038129712 
864225038124473 
864225038119192 
864225038111173 
864225038107536 
864225038090476 
864225038058010 
864225038057590 
864225038056691 
864225038050652 
864225038047773 
864225038046817 
864225038041958 
864225038033377 
864225038026454 
864225038026330 
864225038026090 
864225038024418 
864225038024178 
864225038023055 
864225037942396 
864225037901574 
864225037888995 
864225037873690 
864225037833199 
864225037810395 
864225037802913 
864225037801972 
864225037795570 
864225037794979 
864225037784418 
864225037784376 
864225035663556 
864225035662475 
864225035661071 
864225035649977 
864225035568490 
864225033889153 
864225033832211 
864225033737733 
864225033716711 
864225033684299 
864225032343558 
864225032332635 
864225032326751 
864225032316497 
864225032300335 
864225032285791 
864225032272971 
864225032263475 
864225032263137 
864225032262857 
864225032258095 
864225032249698 
864225032248971 
864225032247395 
864225032246975 
864225032245175 
864225032227256 
864225032220459 
864225032193136 
864225032148239 
864225032124057 
864225032123398 
864225032121855 
864225032121699 
864225032121178 
864225032075937 
864225032027912 
864225032026492 
864176039993376 
864176039990216 
864176039983674 
864176039983278 
864176039979474 
864176039971232 
864176039966257 
864176039966059 
864176039964658 
864176039963437 
864176039922938 
864176039922193 
864176039921013 
864176039915890 
864176039868958 
864176039867893 
864176039867737 
864176039867398 
864176039866911 
864176039866531 
864176039865814 
864176039865772 
864176039865053 
864176039864692 
864176039850097 
864176039849875 
864176039843795 
864176039842896 
864176039842011 
864176039686137 
864176039677177 
864176039669513 
864176039668218 
864176039666238 
864176039665479 
864176039659977 
864176039659639 
864176039659399 
864176039659050 
864176039658953 
864176039658276 
864176039658136 
864176039658110 
864176039657534 
864176039653459 
864176039652972 
864176039652774 
864176039651511 
864176039650778 
864176039608115 
864176039607034 
864176039455335 
864176039454999 
864176039454932 
864176039454494 
864176039454171 
864176039453256 
864176039452951 
864176039022812 
864176039022358 
864176039021954 
864176039013571 
864176039013274 
864176039012912 
864176039009975 
864176039009371 
864176038837251 
864176038834530 
864176038834159 
864176038833912 
864176038833771 
864176038832013 
864176038714450 
864176038713999 
864176038713957 
864176038713759 
864176038713098 
864176038712454 
864176038693191 
864176038693175 
864176038693092 
864176038693035 
864176038692698 
864176038692375 
864176038692094 
864176038688738 
864176038688597 
864176038688498 
864176038677954 
864176038677939 
864176038677830 
864176038677814 
864176038672393 
864176038671734 
864176038565076 
864176038464874 
864176038462571 
864176038459775 
864176038459171 
864176038459031 
864176038448919 
864176038448430 
864176038448091 
864176038447416 
864176038445055 
864176038445030 
864176038444918 
864176038444413 
864176038443373 
864176038441419 
864176038440353 
864176038440197 
864176038437433 
864176038437417 
864176038437318 
864176038435650 
864176038421858 
864176038421692 
864176038421239 
864176038385038 
864176038384858 
864176038370451 
864176038365295 
864176038361690 
864176038341072 
864176038325075 
864176038323559 
864176038320555 
864176038320472 
864176038319334 
864176038318252 
864176038315332 
864176038315134 
864176038304518 
864176038304013 
864176038301258 
864176038300854 
864176038299676 
864176038281997 
864176038281872 
864176038276898 
864176038255991 
864176038255934 
864176038255215 
864176038254010 
864176038252337 
864176038251651 
864176038250273 
864176038246578 
864176038243831 
864176038243039 
864176038130079 
864176038026871 
864176038022078 
864176037981118 
864176037932319 
864176037869255 
864176037867531 
864176037866814 
864176037866731 
864176037865139 
864176037863852 
864176037817353 
864176037817338 
864176037816736 
864176037815753 
864176037815035 
864176037814095 
864176037576470 
864176037572917 
864176037536698 
864176037530477 
864176037530212 
864176037530196 
864176037529230 
864176037529214 
864176037528133 
864176037526699 
864176037525675 
864176037435479 
864176037367037 
864176037364398 
864176037363358 
864176037182519 
864176037169516 
864176037146258 
864176037119271 
864176037118794 
864176037115691 
864176036808791 
864176036601154 
864176036492034 
864176036487539 
864176036436858 
864176036436031 
864176036249814 
864176036249756 
864176036249251 
864176036248733 
864176036247594 
864176036246877 
864176036081696 
864176036055732 
864176035532236 
864176035506297 
864176035504870 
864176035501959 
864176035501892 
864176035447013 
864176035446999 
864176035446437 
864176035407637 
864176035381295 
864176035285959 
864176035267791 
864176035266215 
864176035264152 
864176035199630 
864176035196651 
864176035195414 
864176034989932 
864176034925191 
864176034924319 
864176034855331 
864176034833015 
864176034586910 
864176034504772 
864176034372790 
864176034370711 
864176034268790 
864176034268253 
864176034267792 
864176034238595 
864176034236912 
864176034192339 
864176034191638 
864176034131139 
864176034108657 
864176034104037 
864176033923429 
864176033784243 
864176033776702 
864176033776009 
864176033638464 
864176033582183 
864176033363162 
864176033362909 
864176033218424 
864176033216469 
864176033215388 
864176033214761 
864176033210983 
864176033209761 
864176033129985 
864176033129324 
864176033128961 
864176033128722 
864176033123848 
864176033123723 
864176033123483 
864176033123202 
864176033116487 
864176033114185 
864176033112668 
864176033112445 
864176033111868 
864176033111686 
864176033110563 
864176033110464 
864176033110381 
864176033103543 
864176033100309 
864176033100127 
864176033094585 
864176033094502 
864176033072508 
864176033070627 
864176033064802 
864176033063945 
864176033052443 
864176033052369 
864176033051981 
864176033050504 
864176033050363 
864176033049928 
864176033002505 
864176032988100 
864176032949847 
864176032949540 
864176032942701 
864176032942446 
864176032893201 
864176032876123 
864176032842562 
864176032842505 
864176032839527 
864176032735428 
864176032703186 
864176032702840 
864176032670500 
864176032670401 
864176032670260 
864176032670229 
864176032645627 
864176032543202 
864176032543160 
864176032453444 
864176032450564 
864176032449806 
864176032449780 
864176032433669 
864176032432844 
864176032428701 
864176032426424 
864176032426341 
864176032425186 
864176032424585 
864176032422480 
864176032421383 
864176032416649 
864176032414909 
864176032414883 
864176032405048 
864176032400049 
864176032398425 
864176032396726 
864176032396429 
864176032393129 
864176032391321 
864176032365663 
864176032358981 
864176032354865 
864176032354246 
864176032354188 
864176032354048 
864176032352745 
864176032351903 
864176032351168 
864176032351069 
864176032350962 
864176032348628 
864176032317367 
864176032317102 
864176032316823 
864176032314489 
864176032312426 
864176032311824 
864176032311543 
864176032309968 
864176032309240 
864176032308705 
864176032298245 
864176032297361 
864176032243589 
864176032241146 
864176032239405 
864176032239207 
864176032238969 
864176032238662 
864176032228481 
864176032227640 
864176032227509 
864176032227384 
864176032226949 
864176032226840 
864176032224761 
864176032224266 
864176032224001 
864176032223946 
864176032223821 
864176032223441 
864176032222682 
864176032222641 
864176032222328 
864176032222161 
864176032221080 
864176032221023 
864176032220868 
864176032207980 
864176032207386 
864176032206784 
864176032206685 
864176032205869 
864176032205489 
864176032205422 
864176032204128 
864176032204102 
864176032183702 
864176032146725 
864176032133962 
864176032121421 
864176032118807 
864176032114269 
864176031974747 
864176031974689 
864176031974044 
864176031973566 
864176031972600 
864176031972048 
864176031964284 
864176031935623 
864176031935342 
864176031931101 
864176031614269 
864176031595203 
864176031594503 
864176031559340 
864176031525242 
864176031524500 
864176031524328 
864176031524062 
864176031288163 
864176031107140 
864176031106225 
864176031105920 
864176031103206 
864176031101903 
864176031101481 
864176031101200 
864176031100863 
864176031100848 
864176031099909 
864176031099487 
864176031099362 
864176031099305 
864176031098844 
864176031092441 
864176031018347 
864176031016945 
864176031016903 
864176030997186 
864176030997160 
864176030994266 
864176030993763 
864176030993409 
864176030993185 
864176030980240 
864176030978681 
864176030957867 
864176030956489 
864176030947108 
864176030945169 
864176030881000 
864176030880549 
864176030850344 
864176030848520 
864176030848348 
864176030726205 
864176030706629 
864176030704582 
864176030700986 
864176030699600 
864176030699329 
864176030671229 
864176030671088 
864176030670627 
864176030670544 
864176030668027 
864176030651247 
864176030651163 
864176030650462 
864176030640786 
864176030640745 
864176030615788 
864176030546561 
864176030546546 
864176030546348 
864176030544442 
864176030543907 
864176030543667 
864176030529328 
864176030457280 
864176030456142 
864176030455425 
864176030453362 
864176030450186 
864176030446721 
864176030433687 
864176030433281 
864176030399789 
864176030399201 
864176030395647 
864176030355682 
864176030354362 
864176030354248 
864176030353802 
864176030353026 
864176030352465 
864176030342367 
864176030342169 
864176030341328 
864176030333986 
864176030332806 
864176030291267 
864176030274800 
864176030272283 
864176030272226 
864176030272168 
864176030271848 
864176030135068 
864176030129749 
864176030128824 
864176030128741 
864176030126240 
864176030110947 
864176030103827 
864176030101227 
864176030082104 
864176030051265 
864161039965830 
864161039964510 
864161039963652 
864161039960930 
864161039937656 
864161039937573 
864161039934679 
864161039898379 
864161039895193 
864161039889279 
864161039887794 
864161039886853 
864161039886374 
864161039885038 
864161039878116 
864161039876433 
864161039876417 
864161039820993 
864161039820134 
864161039817577 
864161039815217 
864161039814970 
864161039813618 
864161039800094 
864161039800052 
864161039799312 
864161039775478 
864161039761155 
864161039760777 
864161039760694 
864161039760637 
864161039760538 
864161039760496 
864161039760272 
864161039743039 
864161039705152 
864161039692517 
864161039615815 
864161039615237 
864161039614958 
864161039468710 
864161039468637 
864161039467977 
864161039467035 
864161039466698 
864161039466557 
864161039372276 
864161039371898 
864161038740614 
864161038738758 
864161038736059 
864161038734039 
864161038733197 
864161038732777 
864161038727835 
864161038727470 
864161038721812 
864161038721499 
864161038717190 
864161038716135 
864161038559378 
864161038527698 
864161038456633 
864161038442153 
864161038438912 
864161038429473 
864161038429259 
864161038390097 
864161038389792 
864161038388091 
864161038388034 
864161038386731 
864161038386053 
864161038369737 
864161038368838 
864161038368572 
864161038323171 
864161038296070 
864161038244674 
864161038233198 
864161038166430 
864161038139353 
864161038139312 
864161038130790 
864161038130097 
864161038128695 
864161038126970 
864161038126939 
864161038103417 
864161038102997 
864161037987992 
864161037987190 
864161037982811 
864161037978959 
864161037978298 
864161037977373 
864161037976516 
864161037976433 
864161037975955 
864161037966376 
864161037966095 
864161037965998 
864161037963431 
864161037957078 
864161037956138 
864161037921371 
864161037919557 
864161037917692 
864161037916892 
864161037916231 
864161037913212 
864161037913196 
864161037905374 
864161037905077 
864161037902173 
864161037900094 
864161037891830 
864161037877631 
864161037877037 
864161037737256 
864161037736431 
864161037735896 
864161037731093 
864161037729956 
864161037729816 
864161037706038 
864161037705618 
864161037705477 
864161037704298 
864161037704272 
864161037696353 
864161037613572 
864161037612590 
864161037473571 
864161037473555 
864161037473415 
864161037471971 
864161037471112 
864161037455834 
864161037380172 
864161037379430 
864161037378358 
864161037377533 
864161037377418 
864161037375859 
864161037375396 
864161037352619 
864161037352593 
864161037351975 
864161037351934 
864161037190639 
864161037184616 
864161037179434 
864161037144859 
864161037132235 
864161037132078 
864161037131831 
864161037128779 
864161037102154 
864161037101495 
864161037101255 
864161037088999 
864161037088890 
864161037088056 
864161037069296 
864161037068330 
864161037067811 
864161037067357 
864161037066375 
864161037066151 
864161037065294 
864161036987795 
864161036981392 
864161036962970 
864161036962731 
864161036959117 
864161036958416 
864161036953250 
864161036951734 
864161036951718 
864161036949654 
864161036889736 
864161036888613 
864161036888571 
864161036887078 
864161036886559 
864161036886492 
864161036885312 
864161036868359 
864161036868094 
864161036867435 
864161036646615 
864161036643273 
864161036642838 
864161036642457 
864161036640170 
864161036640071 
864161036636350 
864161036634611 
864161036629371 
864161036628951 
864161036628530 
864161036628498 
864161036628258 
864161036627896 
864161036627532 
864161036620339 
864161036619455 
864161036618812 
864161036610439 
864161036560170 
864161036559735 
864161036554538 
864161036530132 
864161036528474 
864161036527179 
864161036526031 
864161036525231 
864161036496672 
864161036491319 
864161036460496 
864161036460199 
864161036459738 
864161036459498 
864161036418577 
864161036417793 
864161036417454 
864161036417033 
864161036416258 
864161036413230 
864161036336753 
864161036322332 
864161036301872 
864161036299878 
864161036299472 
864161036290455 
864161036289036 
864161036260698 
864161036260599 
864161036220676 
864161036201874 
864161036201791 
864161036201452 
864161036199235 
864161036158017 
864161036157332 
864161036156151 
864161036156078 
864161036155914 
864161036155435 
864161036155419 
864161036155393 
864161036155377 
864161036150352 
864161036142797 
864161036142110 
864161036141997 
864161036141591 
864161036140015 
864161036132350 
864161036132319 
864161036130651 
864161036129174 
864161036046352 
864161036032097 
864161036013014 
864161035984512 
864161035790216 
864161035607212 
864161035604953 
864161035599872 
864161035599252 
864161035599039 
864161035598296 
864161035595672 
864161035594451 
864161035594311 
864161035076038 
864161035075519 
864161035066039 
864161035033930 
864161034999172 
864161034999115 
864161034998257 
864161034992771 
864161034992417 
864161034992292 
864161034992052 
864161034991716 
864161034991658 
864161034982657 
864161034982038 
864161034981618 
864161034850359 
864161033818514 
864161033818258 
864161033817953 
864161033436390 
864161033436291 
864161033435079 
864161033432217 
864161033335410 
864161033335014 
864161033333993 
864161033333639 
864161033321311 
864161033074811 
864161033072930 
864161032929353 
864161032926078 
864161032841673 
864161032841574 
864161032765054 
864161032764552 
864161032764313 
864161032723715 
864161032482015 
864161032317872 
864161031983153 
864161031828937 
864161031828259 
864161031774875 
864161031629731 
864161031627735 
864161031627677 
864161031554210 
864161031547297 
864161031544633 
864161031544575 
864161031544195 
864161031518611 
864161031380616 
864161031320190 
864161031315232 
864161031146678 
864161030988757 
864161030988393 
864161030986538 
864161030937135 
864161030925197 
864161030925098 
864161030925072 
864161030923598 
864161030923036 
864161030920834 
864161030689355 
864161030674977 
864161030674894 
864161030674712 
864161030674571 
864161030671791 
864161030626837 
864161030598754 
864161030598614 
864161030596790 
864161030595214 
864161030529759 
864161030529650 
864161030529494 
864161030466531 
864161030466473 
864161030419217 
864161030403575 
864161030402817 
864161030402791 
864161030402536 
864161030347517 
864161030335496 
864161030335231 
864161030327212 
864161030327196 
864161030326834 
864161030326792 
864161030325836 
864161030304294 
864161030303478 
864161030302512 
864161030302371 
864161030274976 
864161030268457 
864161030251156 
864161030250919 
864161030250554 
864161030248335 
864161030247196 
864161030241272 
864161030219757 
864161030218999 
864161030202795 
864161030202530 
864161030201797 
864161030190891 
864161030178912 
864161030178094 
864161030173939 
864161030173756 
864161030173715 
864161030158476 
864161030154293 
864161030153675 
864161030153659 
864161030153493 
864161030131135 
864161030130053 
864161030128230 
864161030095959 
864161030095355 
864161030087279 
864161030087071 
864161030078476 
864161030077916 
864161030077759 
864161030076314 
864161030052976 
864161030037613 
864161030035351 
864161030023696 
864161030001395 
864161030001353 
864022039963011 
864022039928832 
864022039908214 
864022039907430 
864022039904619 
864022039903272 
864022039898258 
864022039897177 
864022039882492 
864022039858930 
864022039815815 
864022039777015 
864022039753974 
864022039722698 
864022039722011 
864022039721690 
864022039720312 
864022039720270 
864022039682579 
864022039651715 
864022039625412 
864022039622096 
864022039622039 
864022039612071 
864022039607857 
864022039604854 
864022039602015 
864022039601819 
864022039601777 
864022039601678 
864022039590954 
864022039583793 
864022039560650 
864022039560478 
864022039559835 
864022039559694 
864022039511430 
864022039508832 
864022039508519 
864022039494215 
864022039491096 
864022039444673 
864022039422190 
864022039418073 
864022039393433 
864022039284418 
864022039258438 
864022039257158 
864022039253991 
864022039242218 
864022039228837 
864022039228399 
864022039228035 
864022039226351 
864022039188759 
864022039181531 
864022039181499 
864022039181457 
864022039178495 
864022039178297 
864022039178156 
864022039127112 
864022039126395 
864022039126031 
864022039099790 
864022039099659 
864022039040539 
864022039026793 
864022039024376 
864022039021190 
864022038984075 
864022038982293 
864022038982178 
864022038981790 
864022038979513 
864022038979331 
864022038979232 
864022038978176 
864022038958293 
864022038957857 
864022038955455 
864022038928916 
864022038905138 
864022038904297 
864022038901459 
864022038887815 
864022038885736 
864022038884333 
864022038791835 
864022038714076 
864022038695093 
864022038692553 
864022038647151 
864022038646914 
864022038646831 
864022038646575 
864022038645676 
864022038645379 
864022038645338 
864022038645296 
864022038638515 
864022038638432 
864022038630272 
864022038629332 
864022038628839 
864022038628730 
864022038626858 
864022038626478 
864022038614151 
864022038603535 
864022038591870 
864022038573993 
864022038573613 
864022038569579 
864022038566559 
864022038566393 
864022038565957 
864022038565395 
864022038561535 
864022038556311 
864022038556071 
864022038555297 
864022038553854 
864022038540596 
864022038540331 
864022038540158 
864022038522974 
864022038507470 
864022038303870 
864022038303839 
864022038270350 
864022038266713 
864022038258256 
864022038253257 
864022038209291 
864022038176698 
864022038069075 
864022038067392 
864022038045992 
864022038044037 
864022037895876 
864022036983574 
864022036874674 
864022036864717 
864022036847753 
864022036846110 
864022036845096 
864022036844693 
864022036843992 
864022036820875 
864022036820818 
864022036820479 
864022036803079 
864022036799731 
864022036799376 
864022036780913 
864022036774494 
864022036772316 
864022036744877 
864022036741410 
864022036722113 
864022036687092 
864022036674710 
864022036651775 
864022036629896 
864022036620713 
864022036564291 
864022036557931 
864022036557519 
864022036556891 
864022036524915 
864022036524097 
864022036523198 
864022036520459 
864022036518099 
864022036515194 
864022036493715 
864022036487774 
864022036486552 
864022036482411 
864022036457991 
864022036457959 
864022036457652 
864022036454014 
864022036441656 
864022036441615 
864022036393733 
864022036393311 
864022036393071 
864022036379310 
864022036377199 
864022036377157 
864022036377116 
864022036376977 
864022036335718 
864022036334273 
864022036333051 
864022036278553 
864022036278256 
864022036277993 
864022036277035 
864022036276730 
864022036276391 
864022036276375 
864022036276177 
864022036273331 
864022036269073 
864022036268950 
864022036264959 
864022036262995 
864022036258316 
864022036257094 
864022036255478 
864022036252012 
864022036251592 
864022036247517 
864022036243979 
864022036243870 
864022036243375 
864022036200615 
864022036200037 
864022036197373 
864022036196433 
864022036195211 
864022036163052 
864022036157179 
864022036156130 
864022036145356 
864022036145018 
864022036144615 
864022036143252 
864022036094356 
864022036077393 
864022036038494 
864022035950053 
864022035940856 
864022035940377 
864022035940179 
864022035939510 
864022035937035 
864022035936854 
864022035935633 
864022035926996 
864022035773273 
864022035771897 
864022035601672 
864022035585230 
864022035581510 
864022035570273 
864022035570091 
864022035451151 
864022035450294 
864022035327435 
864022035325751 
864022035325215 
864022035325058 
864022035126993 
864022035125292 
864022035087393 
864022035064574 
864022035064194 
864022035030195 
864022035030013 
864022035028157 
864022035023950 
864022035023133 
864022035022770 
864022035022713 
864022035021855 
864022035021210 
864022034991876 
864022034948595 
864022034938653 
864022034917632 
864022034885359 
864022034884998 
864022034859750 
864022034833573 
864022034820612 
864022034820539 
864022034820331 
864022034748177 
864022034717719 
864022034716711 
864022034633817 
864022034631811 
864022034631332 
864022034602879 
864022034602796 
864022034598630 
864022034533710 
864022034532571 
864022034532035 
864022034526656 
864022034526276 
864022034470772 
864022034470376 
864022034469238 
864022034468594 
864022034467893 
864022034448190 
864022034446558 
864022034436930 
864022034429950 
864022034417492 
864022034409291 
864022034390533 
864022034389592 
864022034379056 
864022034343235 
864022034289297 
864022034287598 
864022034287531 
864022034127695 
864022034127653 
864022034125178 
864022034086594 
864022034085299 
864022034085117 
864022034085075 
864022034081439 
864022034076611 
864022033999854 
864022033998393 
864022033885012 
864022033884270 
864022033882498 
864022033882175 
864022033756932 
864022033756718 
864022033729590 
864022033698332 
864022033627950 
864022033525279 
864022033524710 
864022033516674 
864022033516179 
864022033514976 
864022033513259 
864022033468231 
864022033463570 
864022033462333 
864022033457275 
864022033452698 
864022033431577 
864022033431551 
864022033414730 
864022033369611 
864022033353656 
864022033341214 
864022033327213 
864022033326579 
864022033326496 
864022033325555 
864022033325472 
864022033325191 
864022033322396 
864022033322230 
864022033308791 
864022033308411 
864022033297713 
864022033296814 
864022033296616 
864022033296392 
864022033295675 
864022033295394 
864022033294710 
864022033294454 
864022033293514 
864022033279216 
864022033253492 
864022033253351 
864022033243733 
864022033242099 
864022033242016 
864022033241935 
864022033241372 
864022033240259 
864022033239178 
864022033238196 
864022033237131 
864022033236554 
864022033233973 
864022033224071 
864022033223354 
864022033220996 
864022033220970 
864022033220715 
864022033217596 
864022033215475 
864022033215418 
864022033199398 
864022033199356 
864022033199133 
864022033199034 
864022033198937 
864022033192252 
864022033190959 
864022033190918 
864022033190199 
864022033189316 
864022033188813 
864022033188672 
864022033188532 
864022033185850 
864022033184150 
864022033179093 
864022033178590 
864022033173617 
864022033173435 
864022033173419 
864022033162776 
864022033151498 
864022033151290 
864022033151019 
864022033149773 
864022033149757 
864022033140590 
864022033117739 
864022033115717 
864022033100412 
864022033099457 
864022033099432 
864022033070193 
864022033068759 
864022032965054 
864022032906751 
864022032901430 
864022032900572 
864022032900473 
864022032900291 
864022032900259 
864022030899602 
864022030898109 
864022030889322 
864022030884844 
864022030871684 
864022030869704 
864022030864986 
864022030864945 
864022030848666 
864022030847544 
864022030846868 
864022030846421 
864022030844962 
864022030842065 
864022030840069 
864022030829229 
864022030827561 
864022030820806 
864022030820285 
864022030820087 
864022030816960 
864022030815301 
864022030813942 
864022030813702 
864022030809924 
864022030808546 
864022030785868 
864022030785124 
864022030782022 
864022030778442 
864022030777980 
864022030773666 
864022030759566 
864022030759061 
864022030759020 
864022030759004 
864022030757024 
864022030756927 
864022030756901 
864022030756869 
864022030756620 
864022030754849 
864022030754724 
864022030754708 
864022030754666 
864022030754104 
864022030654049 
864022030618200 
864022030463482 
864022030463128 
864022030355423 
864022030293244 
864022030278203 
864022030277320 
864022030277122 
864022030257686 
864022030251507 
864022030250285 
864022030249204 
864022030240864 
864022030224066 
864022030223985 
864022030208580 
864022030208028 
864022030205909 
864022030194863 
864022030188360 
864022030184526 
864022030183601 
864022030143969 
864022030131881 
864022030110901 
864022030110687 
864022030110182 
864022030101108 
864022030097207 
864022030088685 
864022030054562 
864022030052343 
864022030049927 
864022030037682 
864022030037641 
864022030029309 
864022030027840 
864022030027006 
864022030025125 
864022030024789 
864022030024367 
864022030011083 
864022030009020 
864022030008642 
863858039992570 
863858039967333 
863858039953754 
863858039791535 
863858039769374 
863858039767451 
863858039681272 
863858039666596 
863858039664559 
863858039599078 
863858039595514 
863858039548737 
863858039545311 
863858039544215 
863858039524290 
863858039523896 
863858039460495 
863858039433518 
863858039433419 
863858039362337 
863858039362295 
863858039338675 
863858039206773 
863858039204539 
863858039098758 
863858039098675 
863858038991110 
863858038990492 
863858038916174 
863858038915317 
863858038888431 
863858038847437 
863858038846835 
863858038781875 
863858038736978 
863858038626930 
863858038513278 
863858038472491 
863858038452477 
863858038297914 
863858038297211 
863858038281033 
863858038276777 
863858038166374 
863858038164932 
863858038163157 
863858038161532 
863858038144553 
863858038132137 
863858038131659 
863858038102817 
863858038032451 
863858038032378 
863858038032030 
863858038024417 
863858038002637 
863858037999775 
863858037979736 
863858037806970 
863858037159958 
863858037158059 
863858037156756 
863858037109755 
863858037087175 
863858037086391 
863858037081517 
863858037044671 
863858037043459 
863858037041875 
863858037016059 
863858037002570 
863858036997812 
863858036991138 
863858036855713 
863858036849591 
863858036849575 
863858036831334 
863858036820519 
863858036796073 
863858036785290 
863858036737119 
863858036736913 
863858036681754 
863858036678412 
863858036664099 
863858036663497 
863858036662952 
863858036662895 
863858036658877 
863858036656657 
863858036651930 
863858036651419 
863858036650296 
863858036649173 
863858036648191 
863858036648159 
863858036648118 
863858036642533 
863858036631395 
863858036623756 
863858036516752 
863858036493713 
863858036492038 
863858036425558 
863858036424312 
863858036404553 
863858036393210 
863858036345079 
863858036344114 
863858036239017 
863858036184197 
863858036171616 
863858036171418 
863858036171251 
863858036162813 
863858036131990 
863858036107032 
863858036084892 
863858036084256 
863858036079413 
863858036078258 
863858036078092 
863858036076591 
863858036076575 
863858036061734 
863858036048855 
863858036048517 
863858036046677 
863858036045471 
863858036043153 
863858036040472 
863858036039839 
863858036033691 
863858036022991 
863858036022538 
863858036022017 
863858036020037 
863858036014576 
863858036013958 
863858036001490 
863858036001417 
863858035998639 
863858035994216 
863858035993895 
863858035993556 
863858035992996 
863858035992814 
863858035869392 
863858035391777 
863858035390837 
863858035390738 
863858035387031 
863858035386694 
863858035386470 
863858035385571 
863858035383790 
863858035382990 
863858035382297 
863858035381976 
863858035381398 
863858035380556 
863858035380499 
863858035376992 
863858035375937 
863858035374674 
863858035373791 
863858035373551 
863858035370235 
863858035370110 
863858035369534 
863858035369518 
863858035368098 
863858035365391 
863858035364832 
863858035364535 
863858035363677 
863858035363578 
863858035361416 
863858035361390 
863858035360558 
863858035357133 
863858035355459 
863858035353793 
863858035353751 
863858035350799 
863858035349098 
863858035346912 
863858035345658 
863858035344495 
863858035343711 
863858035342093 
863858035341012 
863858035340931 
863858035340675 
863858035340451 
863858035315255 
863858035293072 
863858035291514 
863858035103610 
863858035074431 
863858035057139 
863858035056594 
863858035056297 
863858035023693 
863858035018230 
863858034901410 
863858034849999 
863858034814050 
863858034807476 
863858034805918 
863858034802337 
863858034800414 
863858034796612 
863858034795432 
863858034153376 
863858034128519 
863858034128014 
863858034087855 
863858033994838 
863858033994598 
863858033864254 
863858033854933 
863858033784791 
863858033784338 
863858033782878 
863858033562833 
863858033512770 
863858033511798 
863858033506699 
863858033283372 
863858033283232 
863858033282218 
863858033190254 
863858033083590 
863858032922376 
863858032893114 
863858032887934 
863858032880533 
863858032829571 
863858032829134 
863858032821370 
863858032752716 
863858032740471 
863858032714039 
863858032680636 
863858032676238 
863858032673714 
863858032582998 
863858032581230 
863858032574292 
863858032570613 
863858032570373 
863858032570274 
863858032459817 
863858032458553 
863858032431196 
863858032417773 
863858032415314 
863858032415157 
863858032390632 
863858032384411 
863858032336858 
863858032327139 
863858032325398 
863858032325133 
863858032314913 
863858032309871 
863858032309517 
863858032299239 
863858032245257 
863858032170653 
863858032161454 
863858032161371 
863858031841635 
863858031841239 
863858031841197 
863858031809210 
863858031807198 
863858031802538 
863858031779199 
863858031770636 
863858031769513 
863858031761015 
863858031740357 
863858031738351 
863858031695130 
863858031693150 
863858031654756 
863858031641712 
863858031641373 
863858031627273 
863858031620351 
863858031600932 
863858031572057 
863858031557231 
863858031535757 
863858031524215 
863858031516054 
863858031508515 
863858031505693 
863858031478917 
863858031469759 
863858031468579 
863858031467779 
863858031466078 
863858031411157 
863858031407312 
863858031406314 
863858031404517 
863858031401554 
863858031346619 
863858031346437 
863858031346270 
863858031332999 
863858031311571 
863858031296996 
863858031286773 
863858031286419 
863858031284513 
863858031237636 
863858031235978 
863858031233254 
863858031195990 
863858031156935 
863858031156034 
863858031154559 
863858031144279 
863858031114793 
863858031114751 
863858031114652 
863858031113431 
863858031113290 
863858031111690 
863858031109918 
863858031108753 
863858031108639 
863858031106039 
863858031040014 
863858031030858 
863858031013292 
863858031013276 
863858031002337 
863858030984931 
863858030974643 
863858030974601 
863858030972340 
863858030971508 
863858030967605 
863858030907064 
863858030860420 
863858030855107 
863858030852021 
863858030851965 
863858030851924 
863858030851502 
863858030850082 
863858030849449 
863858030848565 
863858030822081 
863858030809161 
863858030800087 
863858030799024 
863858030763681 
863858030759945 
863858030752569 
863858030749383 
863858030747320 
863858030742123 
863858030741083 
863858030739202 
863858030738345 
863858030738162 
863858030737024 
863858030736265 
863858030736067 
863858030733940 
863858030733742 
863858030713405 
863858030713363 
863858030712985 
863858030712605 
863858030710260 
863858030708603 
863858030708561 
863858030707704 
863858030704628 
863858030703448 
863858030688680 
863858030599069 
863858030596107 
863858030046186 
863858030026063 
863807039821156 
863807039786573 
863807039770478 
863807039742899 
863807039741990 
863807039671551 
863807039670991 
863807039659051 
863807039480391 
863807039470152 
863807039470053 
863807039455336 
863807039429570 
863807039403476 
863807039403237 
863807039393933 
863807039386796 
863807039263110 
863807039259092 
863807039256932 
863807039248418 
863807039247659 
863807038823138 
863807038608570 
863807038548537 
863807038518431 
863807038509372 
863807038506337 
863807038505990 
863807038505032 
863807038132134 
863807038099234 
863807038099176 
863807037955295 
863807037936295 
863807037743758 
863807037733353 
863807037730656 
863807037729898 
863807037727553 
863807037727116 
863807037565672 
863807037560418 
863807037551391 
863807037418351 
863807037234857 
863807037234832 
863807037232679 
863807037231317 
863807037218330 
863807037149675 
863807037144973 
863807037072935 
863807037072190 
863807037015553 
863807037008913 
863807036954372 
863807036862872 
863807036735631 
863807036688954 
863807036686891 
863807036683898 
863807036628117 
863807036612350 
863807036610792 
863807036566853 
863807036459851 
863807036414971 
863807036414856 
863807036386351 
863807036386252 
863807036304370 
863807036274490 
863807036274011 
863807036250573 
863807036250292 
863807036249112 
863807036012072 
863807035819519 
863807035341175 
863807035312374 
863807035309750 
863807034412597 
863807034403992 
863807034270078 
863807034121198 
863807034090872 
863807034030050 
863807034024194 
863807034010573 
863807034010375 
863807033983093 
863807033982053 
863807033971999 
863807033968839 
863807033874433 
863807033872478 
863807033872312 
863807033871652 
863807033836432 
863807033812474 
863807033807417 
863807033757596 
863807033644414 
863807033643457 
863807033617832 
863807033604814 
863807033595152 
863807033594874 
863807033591953 
863807033591516 
863807033590419 
863807033590336 
863807033590153 
863807033587910 
863807033582630 
863807033500814 
863807033149653 
863807032887899 
863807032707071 
863807032576393 
863807032510996 
863807032471512 
863807032470878 
863807032419859 
863807032414678 
863807032413274 
863807032411732 
863807032376950 
863807032355475 
863807032329975 
863807032299558 
863807032296299 
863807032291670 
863807032249991 
863807032248357 
863807032245130 
863807032235214 
863807032234357 
863807032232179 
863807032206439 
863807032166575 
863807032165437 
863807032162152 
863807032153953 
863807032152674 
863807032152377 
863807032149415 
863807032120796 
863807032120416 
863807032119012 
863807032117537 
863807032117313 
863807032097853 
863807032092953 
863807032061578 
863807032061396 
863807032061230 
863807032044871 
863807032044053 
863807032043758 
863807032032793 
863807032031316 
863807032020079 
863807032016952 
863807032016390 
863807032008876 
863807031999059 
863807031995578 
863807031381571 
863807031378270 
863807031302288 
863807031277480 
863807031156585 
863807031016144 
863807031015948 
863807031012408 
863807031011707 
863807031010048 
863807030973188 
863807030969509 
863807030969368 
863807030968949 
863807030968006 
863807030967982 
863807030965424 
863807030964401 
863807030948347 
863807030939080 
863807030936342 
863807030928448 
863807030920742 
863807030908085 
863807030903623 
863807030901148 
863807030893667 
863807030891984 
863807030891604 
863807030854800 
863807030810380 
863807030775401 
863807030653129 
863807030636769 
863807030595908 
863807030593606 
863807030590966 
863807030519304 
863807030518744 
863807030518140 
863807030516763 
863807030515906 
863807030515682 
863807030515666 
863807030515385 
863807030515344 
863807030514107 
863807030507283 
863807030506566 
863807030505808 
863807030505105 
863807030505089 
863807030504348 
863807030504249 
863807030504223 
863807030503142 
863807030502243 
863807030489862 
863807030486900 
863807030484780 
863807030484202 
863807030483840 
863807030422129 
863807030403145 
863807030381002 
863807030322667 
863807030284701 
863807030246767 
863807030246569 
863807030223600 
863807030213908 
863807030213585 
863807030213288 
863807030213247 
863807030212728 
863807030211423 
863807030170769 
863807030163228 
863807030160026 
863807030153302 
863807030142529 
863807030126464 
863807030012441 
863807030006401 
863739039980916 
863739039923551 
863739039923510 
863739039921613 
863739039918171 
863739039909410 
863739039888291 
863739039878979 
863739039873616 
863739039855977 
863739039851778 
863739039825350 
863739039824270 
863739039772875 
863739039762355 
863739039669238 
863739039650113 
863739039646236 
863739039628010 
863739039617799 
863739039555098 
863739039537690 
863739039527717 
863739039501712 
863739039501654 
863739039493795 
863739039491773 
863739039488217 
863739039487979 
863739039486633 
863739039479133 
863739039476535 
863739039452718 
863739039447759 
863739039409437 
863739039255434 
863739038990072 
863739038980396 
863739038575519 
863739038180435 
863739037376398 
863739037193397 
863739037042578 
863739037041893 
863739037015236 
863739037012852 
863739036973773 
863739036850674 
863739036654712 
863739036643855 
863739036621398 
863739036519733 
863739036494218 
863739036482254 
863739036277852 
863739036247590 
863739036238334 
863739036169810 
863739036164019 
863739036163979 
863739036138658 
863739035947158 
863739035947117 
863739035946531 
863739035945236 
863739035876993 
863739035867299 
863739035857431 
863739035841310 
863739035810075 
863739035805679 
863739035797470 
863739035349694 
863739035349579 
863739035347995 
863739035341931 
863739035341279 
863739035336873 
863739035225118 
863739035223774 
863739035059277 
863739035058832 
863739035057297 
863739034664853 
863739034643212 
863739034564533 
863739034383215 
863739034383074 
863739034343391 
863739034329598 
863739034268374 
863739034095157 
863739034070630 
863739033658625 
863739033228346 
863739033197343 
863739033196022 
863739033195321 
863739033191023 
863739033176305 
863739033073460 
863739032974882 
863739032973520 
863739032947763 
863739032926189 
863739032880980 
863739032701285 
863739032684507 
863739032657347 
863739032628421 
863739032555509 
863739032490285 
863739032479544 
863739032419300 
863739032340704 
863739032328444 
863739032327669 
863739032310566 
863739032228701 
863739032212721 
863739032208604 
863739032143447 
863739032132606 
863739032109943 
863739032092149 
863739032027004 
863739032008103 
863739032008004 
863739031911661 
863739031780280 
863739031758146 
863739031242943 
863739031242505 
863739031219826 
863739031196982 
863739031128282 
863739031123820 
863739030921620 
863739030919764 
863739030897762 
863739030897424 
863739030860521 
863739030834120 
863739030719404 
863739030719008 
863739030716343 
863739030647761 
863739030609308 
863739030605967 
863739030422520 
863739030400161 
863739030303928 
863709039999992 
863709038959930 
863709038959914 
863709038937571 
863709038079234 
863709038013530 
863709037981158 
863709037918952 
863709037593672 
863709037493378 
863709037256858 
863709037171800 
863709036885046 
863709036513275 
863709036299651 
863709036163675 
863709036146191 
863709035646258 
863709035642554 
863709035344656 
863709035055039 
863709034982134 
863709034812794 
863709034121378 
863709034121170 
863709033448657 
863709033446917 
863709033442635 
863709033406499 
863709033365497 
863709033192297 
863709033162274 
863709033127111 
863709033029374 
863709033021678 
863709033017379 
863709032990832 
863709032937999 
863709032778450 
863709032774855 
863709032737050 
863709032649115 
863709032537138 
863709032352447 
863709032120240 
863709031657077 
863709031542931 
863709031375217 
863709031374913 
863709031374517 
863709031374434 
863709031331939 
863709031330097 
863709030686358 
863709030504130 
863709030375895 
863709030375473 
863709030231791 
863709030211413 
863709030166997 
863709030017059 
863709030010039 
863504039992232 
863504039989170 
863504039986259 
863504039979734 
863504039979692 
863504039949992 
863504039924813 
863504039894693 
863504039890196 
863504039887077 
863504039885774 
863504039879652 
863504039879314 
863504039878878 
863504039878076 
863504039869497 
863504039868713 
863504039868218 
863504039865354 
863504039863557 
863504039863359 
863504039840415 
863504039837197 
863504039837171 
863504039826315 
863504039820011 
863504039817819 
863504039807851 
863504039806895 
863504039184731 
863504039164410 
863504039164097 
863504039160533 
863504039160079 
863504039159832 
863504039153256 
863504039151235 
863504039147050 
863504039138315 
863504039109456 
863504039109415 
863504039096315 
863504039094633 
863504039079014 
863504039078313 
863504039075319 
863504039054470 
863504039043556 
863504039038812 
863504039038358 
863504039027773 
863504039026130 
863504038972979 
863504038970874 
863504038944390 
863504038922198 
863504038922016 
863504038921539 
863504038920432 
863504038914674 
863504038894611 
863504038859754 
863504038859671 
863504038858970 
863504038837438 
863504038834773 
863504038834591 
863504038829534 
863504038821135 
863504038820939 
863504038820657 
863504038819477 
863504038818677 
863504038793177 
863504038791999 
863504038789332 
863504038785892 
863504038784879 
863504038783616 
863504038781412 
863504038779390 
863504038778517 
863504038775273 
863504038761216 
863504038722572 
863504038718539 
863504038712235 
863504038708571 
863504038697998 
863504038694730 
863504038686298 
863504038682958 
863504038682651 
863504038680739 
863504038680572 
863504038679038 
863504038678972 
863504038678659 
863504038677750 
863504038673734 
863504038671399 
863504038668031 
863504038667132 
863504038665334 
863504038657851 
863504038650435 
863504038650211 
863504038647316 
863504038647191 
863504038634314 
863504038634173 
863504038622111 
863504038622079 
863504038612732 
863504038611536 
863504038608698 
863504038608615 
863504038608490 
863504038607997 
863504038606312 
863504038606239 
863504038604812 
863504038602774 
863504038598873 
863504038356157 
863504038316078 
863504038315799 
863504038312457 
863504038192214 
863504038189434 
863504037925994 
863504037867774 
863504037862650 
863504037860712 
863504037858575 
863504037858559 
863504037788871 
863504037788319 
863504037787634 
863504037774830 
863504037770879 
863504037770853 
863504037761530 
863504037734495 
863504037733877 
863504037695092 
863504037594519 
863504037578975 
863504037578892 
863504037575278 
863504037532915 
863504037511117 
863504037499115 
863504037491054 
863504037488654 
863504037479257 
863504037474753 
863504037473557 
863504037468714 
863504037467591 
863504037467351 
863504037426076 
863504037408595 
863504037407456 
863504037379036 
863504037378194 
863504037378111 
863504037378079 
863504037377774 
863504037372759 
863504037372650 
863504037372114 
863504037371371 
863504037371355 
863504037369953 
863504037369797 
863504037369235 
863504037368658 
863504037368575 
863504037368153 
863504037257539 
863504037257471 
863504037257034 
863504037255756 
863504037255533 
863504037255350 
863504037254635 
863504037254593 
863504037253710 
863504037253074 
863504037130512 
863504037129159 
863504037128839 
863504037122576 
863504037091516 
863504037086599 
863504037080998 
863504037080857 
863504037037535 
863504037019376 
863504037017776 
863504037017396 
863504037000376 
863504036988951 
863504036987854 
863504036986757 
863504036985072 
863504036985056 
863504036984737 
863504036983275 
863504036977152 
863504036975651 
863504036965694 
863504036965652 
863504036964077 
863504036963178 
863504036962816 
863504036962659 
863504036961735 
863504036944715 
863504036944392 
863504036943873 
863504036886213 
863504036886114 
863504036885918 
863504036885611 
863504036865936 
863504036818596 
863504036818232 
863504036767199 
863504036764071 
863504036763693 
863504036741772 
863504036740030 
863504036721410 
863504036703491 
863504036703350 
863504036702832 
863504036702691 
863504036702675 
863504036701958 
863504036701271 
863504036700471 
863504036697396 
863504036696075 
863504036694898 
863504036694211 
863504036694179 
863504036694096 
863504036691878 
863504036691597 
863504036689278 
863504036678255 
863504036671573 
863504036659131 
863504036658711 
863504036658612 
863504036655576 
863504036655238 
863504036599832 
863504036599519 
863504036598636 
863504036553870 
863504036552575 
863504036548771 
863504036548433 
863504036547492 
863504036546510 
863504036544374 
863504036543830 
863504035857595 
863504035857538 
863504035857512 
863504035856332 
863504035855839 
863504035855656 
863504035855334 
863504035854931 
863504035796934 
863504035796652 
863504035794996 
863504035781613 
863504035780870 
863504035780599 
863504035780250 
863504035765798 
863504035725453 
863504035724530 
863504035674479 
863504035674453 
863504035639977 
863504035638755 
863504035630430 
863504035630216 
863504035623377 
863504035622379 
863504035618559 
863504035618435 
863504035614152 
863504035606257 
863504035605655 
863504035605317 
863504035597738 
863504035595237 
863504035594594 
863504035248670 
863504035248639 
863504035248613 
863504035208476 
863504035208070 
863504035203956 
863504035203279 
863504035203154 
863504035202792 
863504035202495 
863504035201794 
863504035201752 
863504035201299 
863504035199634 
863504035198156 
863504035197638 
863504034974490 
863504034972973 
863504034948817 
863504034947850 
863504034945037 
863504034919412 
863504034915279 
863504034913738 
863504034912458 
863504034911559 
863504034863495 
863504034862216 
863504034842457 
863504034758539 
863504034704558 
863504034679693 
863504034679438 
863504034678810 
863504034677499 
863504034671997 
863504034647179 
863504034620556 
863504034614112 
863504034611753 
863504034598091 
863504034544996 
863504034543493 
863504034384492 
863504034337854 
863504034326451 
863504034313392 
863504034149994 
863504034147030 
863504034134830 
863504034133873 
863504034125275 
863504034123130 
863504034100138 
863504034099959 
863504034029139 
863504034028198 
863504034027794 
863504034026176 
863504034025830 
863504034023934 
863504034023835 
863504034011756 
863504034011699 
863504034003811 
863504034003472 
863504034003159 
863504033994713 
863504033945012 
863504033944957 
863504033944379 
863504033856110 
863504033834950 
863504033832913 
863504033651693 
863504033649879 
863504033622579 
863504033621332 
863504033601813 
863504033586659 
863504033586030 
863504033561330 
863504033560191 
863504033559276 
863504033533578 
863504033413052 
863504033357838 
863504033348910 
863504033348753 
863504033347813 
863504033342517 
863504033341733 
863504032777556 
863504032724418 
863504032680552 
863504032675131 
863504032669639 
863504032668714 
863504032658830 
863504032641133 
863504032641059 
863504032633478 
863504032617836 
863504032608751 
863504032604792 
863504032600675 
863504032505874 
863504032447010 
863504032446178 
863504032445790 
863504032431618 
863504032360916 
863504032359496 
863504032342518 
863504032341858 
863504032340918 
863504032339530 
863504032338458 
863504032306216 
863504032295096 
863504032257096 
863504032255751 
863504032255694 
863504032255652 
863504032253855 
863504032252352 
863504032251016 
863504032250695 
863504032248673 
863504032247576 
863504032244912 
863504032244490 
863504032240779 
863504032239011 
863504032214816 
863504032168830 
863504032168814 
863504032168392 
863504032167014 
863504032154632 
863504032150291 
863504032128917 
863504031865857 
863504031827154 
863504031825034 
863504031823856 
863504031823534 
863504031823450 
863504031822957 
863504031818773 
863504031818757 
863504031818435 
863504031801977 
863504031800870 
863504031800151 
863504031800136 
863504031797530 
863504031791996 
863504031609636 
863504031605774 
863504031598730 
863504031597377 
863504031594796 
863504031594770 
863504031594572 
863504031592873 
863504031581157 
863504031535559 
863504031529750 
863504031516658 
863504031516575 
863504031445395 
863504031433698 
863504031432237 
863504031432211 
863504031431650 
863504031412270 
863504031412254 
863504031412239 
863504031412213 
863504031410779 
863504031410076 
863504031409615 
863504031387852 
863504031280057 
863504031278556 
863504031201657 
863504031201574 
863504031199976 
863504031198036 
863504031197814 
863504031197756 
863504031197251 
863504031196758 
863504031143099 
863504031137133 
863504031137117 
863504031135897 
863504031135574 
863504031135533 
863504031132852 
863504031132498 
863504031130674 
863504031130351 
863504031106674 
863504031081018 
863504031037572 
863504031036897 
863504031036376 
863504031036210 
863504031035311 
863504031029579 
863504031029173 
863504031028613 
863504031009175 
863504030999673 
863504030972514 
863504030942574 
863504030940610 
863504030939919 
863504030853359 
863504030852252 
863504030840935 
863504030839978 
863504030832098 
863504030831074 
863504030831058 
863504030830159 
863504030828898 
863504030827551 
863504030827536 
863504030827098 
863504030822339 
863504030821471 
863504030777236 
863504030776493 
863504030773391 
863504030753278 
863504030752478 
863504030708033 
863504030692591 
863504030692195 
863504030687518 
863504030677691 
863504030677659 
863504030672379 
863504030672197 
863504030671579 
863504030670779 
863504030668674 
863504030667270 
863504030667213 
863504030666710 
863504030665670 
863504030652751 
863504030651399 
863504030651118 
863504030644139 
863504030640657 
863504030640574 
863504030637356 
863504030631953 
863504030631078 
863504030628017 
863504030627514 
863504030610296 
863504030541178 
863504030538091 
863504030536715 
863504030536574 
863504030536491 
863504030536418 
863504030536251 
863504030533670 
863504030528431 
863504030528019 
863504030525650 
863504030511510 
863504030507534 
863504030502014 
863504030501990 
863504030500919 
863504030500612 
863504030496399 
863504030496274 
863504030494311 
863504030492992 
863504030492034 
863504030480997 
863504030480492 
863504030476631 
863504030467572 
863504030467358 
863504030467150 
863504030464652 
863504030463712 
863504030462672 
863504030462276 
863504030455817 
863504030440850 
863504030429739 
863504030425877 
863504030425216 
863504030425091 
863504030424532 
863504030423856 
863504030422650 
863504030409673 
863504030408576 
863504030404195 
863504030402678 
863504030400730 
863504030367772 
863504030352113 
863504030350455 
863504030345893 
863504030330036 
863504030328857 
863504030324237 
863504030318338 
863504030304338 
863504030250754 
863504030181397 
863504030149758 
863504030138371 
863504030138314 
863504030132614 
863504030132358 
863504030132259 
863504030131178 
863504030128158 
863504030108036 
863504030006479 
863504030006412 
863504030006396 
863504030006214 
863504030005992 
863504030005976 
863504030003419 
863504030001892 
862976039995475 
862976039880297 
862976039876295 
862976039447238 
862976038855670 
862976038689855 
862976038033096 
862976037598552 
862976037312277 
862976037311311 
862976037145776 
862976036614277 
862976036509592 
862976036495438 
862976035457306 
862976035443868 
862976035424405 
862976035417466 
862976034895084 
862976034564748 
862976034539823 
862976034475440 
862976033884360 
862976033835644 
862976033750520 
862976033595107 
862976033446889 
862976033026640 
862976032947788 
862976032044180 
862976032041921 
862976031826926 
862976031629486 
862976030293763 
862976030267809 
862976030253429 
862734039991550 
862734039990859 
862734039988259 
862734039988093 
862734039988051 
862734039987111 
862734039986931 
862734039985016 
862734039980272 
862734039980256 
862734039980231 
862734039980199 
862734039980173 
862734039980157 
862734039980090 
862734039979076 
862734039978110 
862734039976890 
862734039976718 
862734039976619 
862734039972618 
862734039971818 
862734039966032 
862734039963997 
862734039962999 
862734039962379 
862734039962312 
862734039953717 
862734039952230 
862734039951117 
862734039951091 
862734039950499 
862734039950374 
862734039949814 
862734039948972 
862734039948675 
862734039948659 
862734039948634 
862734039948592 
862734039948519 
862734039948170 
862734039947677 
862734039946539 
862734039946471 
862734039943551 
862734039875738 
862734039875274 
862734039873097 
862734039870812 
862734039869814 
862734039836110 
862734039836037 
862734039834917 
862734039828877 
862734039827895 
862734039784997 
862734039770715 
862734039715892 
862734039694758 
862734039694550 
862734039685251 
862734039685236 
862734039684692 
862734039683678 
862734039653531 
862734039653119 
862734039617593 
862734039500757 
862734039430351 
862734039429296 
862734039429197 
862734039428694 
862734039426938 
862734039426375 
862734039420915 
862734039420071 
862734039397352 
862734039396917 
862734039396156 
862734039396032 
862734039395992 
862734039395950 
862734039395091 
862734039393013 
862734039386231 
862734039386215 
862734039303616 
862734039303590 
862734039302998 
862734039301537 
862734039301453 
862734039301370 
862734039301099 
862734039300950 
862734039300471 
862734039300273 
862734039298295 
862734039297891 
862734039294096 
862734039288437 
862734039219291 
862734039219093 
862734039167839 
862734039167615 
862734039167011 
862734039115010 
862734039062097 
862734039061453 
862734039061172 
862734039061131 
862734039059978 
862734039059911 
862734039059531 
862734039024253 
862734038937653 
862734038934619 
862734038930591 
862734038897154 
862734038893955 
862734038892411 
862734038889375 
862734038889334 
862734038884913 
862734038884798 
862734038854650 
862734038854015 
862734038847753 
862734038841996 
862734038829694 
862734038829454 
862734038829157 
862734038816451 
862734038654696 
862734038583291 
862734038582616 
862734038582392 
862734038581212 
862734038581196 
862734038580594 
862734037672558 
862734037672053 
862734037044519 
862734037044352 
862734037022457 
862734037020535 
862734037015873 
862734037002350 
862734037002335 
862734037002319 
862734036979913 
862734036978030 
862734036977933 
862734036977917 
862734036977875 
862734036959436 
862734036959410 
862734036959394 
862734036941897 
862734036931013 
862734036927136 
862734036915115 
862734036441997 
862734036441955 
862734036441393 
862734036411412 
862734036408715 
862734036408533 
862734036407758 
862734036407675 
862734036407451 
862734036406859 
862734036380997 
862734036378918 
862734036378777 
862734036306554 
862734036305911 
862734036305598 
862734036305374 
862734036304013 
862734036260058 
862734036257815 
862734036206556 
862734036206333 
862734036204619 
862734036201854 
862734036200773 
862734036199678 
862734036150374 
862734036149558 
862734036146059 
862734036144336 
862734036144070 
862734036143791 
862734036075837 
862734036075738 
862734036075431 
862734036073733 
862734036064310 
862734036021575 
862734036021559 
862734036021534 
862734036020734 
862734036020676 
862734036020213 
862734036020197 
862734036020171 
862734036019918 
862734036019595 
862734036019116 
862734036018530 
862734036016575 
862734036016013 
862734036015254 
862734036015015 
862734035991711 
862734035962332 
862734035962274 
862734035961094 
862734035960773 
862734035958678 
862734035957670 
862734035957613 
862734035808139 
862734035808097 
862734035807214 
862734035705756 
862734035705319 
862734035444133 
862734035434456 
862734035417451 
862734035389718 
862734035389650 
862734035380576 
862734035379610 
862734035379479 
862734035376533 
862734035339572 
862734035339457 
862734035339390 
862734035330910 
862734035328237 
862734035328138 
862734035327478 
862734035308734 
862734035212613 
862734035208439 
862734035193755 
862734035188151 
862734035187997 
862734035183897 
862734035181438 
862734035180851 
862734035180778 
862734035178236 
862734035178012 
862734035177378 
862734035139352 
862734035139311 
862734035139055 
862734035137778 
862734035132456 
862734035131995 
862734035131839 
862734035131698 
862734035130799 
862734035130773 
862734035116913 
862734035112854 
862734035112433 
862734035093070 
862734035090993 
862734035090092 
862734035085050 
862734035066779 
862734035066712 
862734035065599 
862734035052951 
862734035048934 
862734035048116 
862734035047712 
862734035047431 
862734035044412 
862734035018333 
862734035018317 
862734035018291 
862734035018259 
862734035018234 
862734035018036 
862734035017897 
862734035017772 
862734035017756 
862734035017731 
862734035016873 
862734035016295 
862734035016154 
862734035015016 
862734035014399 
862734035014373 
862734035013458 
862734035013078 
862734035012195 
862734035011114 
862734035010835 
862734035010751 
862734035008771 
862734035008011 
862734035007393 
862734035007039 
862734034994054 
862734034994013 
862734034987496 
862734034985334 
862734034983594 
862734034982919 
862734034972514 
862734034944893 
862734034944174 
862734034942491 
862734034940677 
862734034939554 
862734034933755 
862734034915513 
862734034915257 
862734034914334 
862734034913252 
862734034912759 
862734034912171 
862734034890955 
862734034890195 
862734034888710 
862734034887811 
862734034887597 
862734034887498 
862734034886235 
862734034885518 
862734034885492 
862734034885435 
862734034885419 
862734034876996 
862734034876772 
862734034875618 
862734034875519 
862734034875238 
862734034873530 
862734034873332 
862734034873175 
862734034872730 
862734034872078 
862734034871559 
862734034870155 
862734034869272 
862734034868076 
862734034865494 
862734034864851 
862734034864695 
862734034864034 
862734034863051 
862734034863036 
862734034862798 
862734034862376 
862734034862079 
862734034859075 
862734034857434 
862734034856378 
862734034856311 
862734034855990 
862734034854571 
862734034845736 
862734034844655 
862734034839895 
862734034833419 
862734034833351 
862734034820358 
862734034820010 
862734034819970 
862734034817651 
862734034814559 
862734034801796 
862734034708694 
862734034707852 
862734034705534 
862734034705492 
862734034705450 
862734034645276 
862734034644758 
862734034624958 
862734034622218 
862734034619958 
862734034605171 
862734034603192 
862734034584053 
862734034568858 
862734034565797 
862734034485392 
862734034483934 
862734034465410 
862734034461138 
862734034460932 
862734034452293 
862734034336637 
862734034325010 
862734034324872 
862734034319856 
862734034114091 
862734034102856 
862734034102237 
862734034102211 
862734034101734 
862734034098815 
862734034097759 
862734034097676 
862734034090093 
862734034075730 
862734033828394 
862734033822918 
862734033690836 
862734033604613 
862734033603839 
862734033600918 
862734033593519 
862734033577058 
862734033547556 
862734033547473 
862734033543415 
862734033543316 
862734033543274 
862734033541732 
862734033541617 
862734033541096 
862734033539611 
862734033536534 
862734033536138 
862734033533531 
862734033520850 
862734033520710 
862734033520371 
862734033520314 
862734033515819 
862734033506057 
862734033505117 
862734033504797 
862734033498511 
862734033493694 
862734033418030 
862734033416851 
862734033416679 
862734033414773 
862734033413296 
862734033409179 
862734033382376 
862734033365272 
862734033360752 
862734033354110 
862734033353773 
862734033350977 
862734033336679 
862734032903552 
862734032872377 
862734032871593 
862734032871437 
862734032786114 
862734032784358 
862734032783970 
862734032782279 
862734032708779 
862734032707334 
862734032706518 
862734032705791 
862734032704570 
862734032704455 
862734032704075 
862734032620230 
862734032620156 
862734032619653 
862734032593650 
862734032539851 
862734032539513 
862734032505373 
862734032505357 
862734032503675 
862734032503030 
862734032495757 
862734032495492 
862734032495476 
862734032468291 
862734032467210 
862734032466139 
862734032403611 
862734032395973 
862734032395353 
862734032362031 
862734032361553 
862734032358930 
862734032189095 
862734032189079 
862734032188790 
862734032188675 
862734032187578 
862734032186992 
862734032185473 
862734032183932 
862734032183759 
862734032059116 
862734032047954 
862734032046014 
862734032027550 
862734032009194 
862734032009152 
862734032007636 
862734032007198 
862734031977672 
862734031977193 
862734031977151 
862734031976732 
862734031976716 
862734031976435 
862734031975353 
862734031975171 
862734031973978 
862734031973697 
862734031971618 
862734031970370 
862734031969356 
862734031946453 
862734031921472 
862734031919658 
862734031904213 
862734031903892 
862734031902217 
862734031902076 
862734031896138 
862734031863435 
862734031862650 
862734031860936 
862734031860696 
862734031856595 
862734031855472 
862734031855159 
862734031808737 
862734031807333 
862734031806574 
862734031805931 
862734031657159 
862734031553051 
862734031549398 
862734031523237 
862734031505374 
862734031488050 
862734031482715 
862734031451751 
862734031437057 
862734031434914 
862734031434179 
862734031434096 
862734031426035 
862734031423933 
862734031422299 
862734031278758 
862734031194914 
862734031116057 
862734031078794 
862734030941133 
862734030940937 
862734030937032 
862734030888375 
862734030888219 
862734030887898 
862734030883855 
862734030881636 
862734030877410 
862734030848494 
862734030844972 
862734030843313 
862734030809934 
862734030790175 
862734030788856 
862734030788252 
862734030684055 
862734030681531 
862734030681036 
862734030680798 
862734030677273 
862734030676978 
862734030676952 
862734030676853 
862734030676218 
862734030676093 
862734030604855 
862734030603170 
862734030601570 
862734030600317 
862734030599659 
862734030598677 
862734030597554 
862734030596432 
862734030593991 
862734030573233 
862734030572078 
862734030569215 
862734030397195 
862734030396353 
862734030219431 
862734030176755 
862734030142153 
862734030138136 
863807034414734 
863807034413470 
863807034405278 
863807034403950 
864225039975295 
864225039974991 
864225039974330 
864225039974199 
864225039972557 
864225039972532 
864225039972474 
864225039971237 
864225039968019 
864225039966898 
864225039966872 
864225039966476 
864225039916034 
864225039746316 
864225039746092 
864225039725138 
864225039708357 
864225039707979 
864225039682958 
864225039681950 
864225039553712 
864225039552292 
864225039397599 
864225039395734 
864225039336357 
864225039335094 
864225039331135 
864225039227457 
864225039204530 
864225039200736 
864225039154438 
864225039154230 
864225039005499 
864225039005259 
864225038994016 
864225038992754 
864225038992697 
864225038992499 
864225038992119 
864225038991731 
864225038767651 
864225038593651 
864225038591036 
864225038302434 
864225038292833 
864225038290415 
864225038254833 
864225038058119 
864225038050678 
864225038048052 
864225038048011 
864225038047757 
864225038047658 
864225038030431 
864225038026314 
864225038024673 
864225038024590 
864225038024574 
864225037942099 
864225035661337 
864225032341412 
864225032273839 
864225032272898 
864225032266379 
864225032220392 
864225032217778 
864225032210757 
864176039993558 
864176039991354 
864176039989432 
864176039989275 
864176039984771 
864176039984755 
864176039971497 
864176039965119 
864176039965036 
864176039964674 
864176039964237 
864176039922359 
864176039922219 
864176039922151 
864176039921039 
864176039870178 
864176039868859 
864176039868735 
864176039868032 
864176039866077 
864176039865095 
864176039865079 
864176039850519 
864176039849735 
864176039849453 
864176039849099 
864176039848893 
864176039848398 
864176039835478 
864176039833515 
864176039821858 
864176039678373 
864176039677953 
864176039677433 
864176039669992 
864176039669976 
864176039666352 
864176039665214 
864176039659431 
864176039658995 
864176039658094 
864176039653319 
864176039653137 
864176039653079 
864176039652410 
864176039652394 
864176039652352 
864176039650315 
864176039608131 
864176039455632 
864176039454478 
864176039454098 
864176039453496 
864176039452878 
864176039452571 
864176039452530 
864176039452514 
864176039022317 
864176039021996 
864176039021913 
864176039012599 
864176039012433 
864176039011476 
864176039009876 
864176039009736 
864176039002798 
864176038846658 
864176038837319 
864176038833938 
864176038713718 
864176038712751 
864176038712611 
864176038695311 
864176038695253 
864176038693159 
864176038692433 
864176038679117 
864176038678234 
864176038585652 
864176038565118 
864176038463710 
864176038461953 
864176038460336 
864176038459635 
864176038459213 
864176038458975 
864176038458918 
864176038458793 
864176038458751 
864176038458538 
864176038458454 
864176038457852 
864176038456797 
864176038456136 
864176038455971 
864176038455617 
864176038449552 
864176038448679 
864176038448372 
864176038447218 
864176038444751 
864176038443290 
864176038443217 
864176038442979 
864176038441732 
864176038441351 
864176038440890 
864176038440874 
864176038440452 
864176038439835 
864176038438258 
864176038436377 
864176038436179 
864176038435817 
864176038421353 
864176038414473 
864176038414457 
864176038413137 
864176038363191 
864176038361153 
864176038319433 
864176038314830 
864176038314574 
864176038314079 
864176038305572 
864176038303874 
864176038303056 
864176038302835 
864176038301977 
864176038301654 
864176038300797 
864176038299171 
864176038298157 
864176038282573 
864176038281534 
864176038280718 
864176038261239 
864176038256114 
864176038255017 
864176038254952 
864176038253996 
864176038253939 
864176038253533 
864176038253277 
864176038253210 
864176038252931 
864176038252816 
864176038251677 
864176038246073 
864176038243559 
864176038242874 
864176038134972 
864176038094739 
864176038026830 
864176038024736 
864176038023431 
864176038022110 
864176037987495 
864176037972919 
864176037968313 
864176037968297 
864176037968255 
864176037817817 
864176037817619 
864176037814913 
864176037813675 
864176037813659 
864176037813337 
864176037813030 
864176037812651 
864176037575795 
864176037573279 
864176037569970 
864176037569954 
864176037569491 
864176037536656 
864176037535914 
864176037535674 
864176037535518 
864176037532374 
864176037530170 
864176037529818 
864176037528091 
864176037367011 
864176037364695 
864176037363291 
864176036666132 
864176036476912 
864176036436353 
864176036436213 
864176036249913 
864176036249855 
864176036249350 
864176036249319 
864176036249277 
864176036248758 
864176036248352 
864176036247255 
864176036247198 
864176036247172 
864176035506230 
864176035504813 
864176035406373 
864176035402653 
864176035394017 
864176035381576 
864176035375438 
864176035314494 
864176035266058 
864176035262339 
864176035198996 
864176035198392 
864176035198376 
864176035197790 
864176035197295 
864176035197113 
864176035196636 
864176035120313 
864176034955016 
864176034954712 
864176034954670 
864176034643018 
864176034615933 
864176034600299 
864176034515919 
864176034514318 
864176034504293 
864176034429152 
864176034238751 
864176034238298 
864176034237753 
864176034237514 
864176034237415 
864176034236813 
864176034236599 
864176034192297 
864176034191190 
864176034182637 
864176034124191 
864176034109036 
864176034042039 
864176034038300 
864176033837124 
864176033833206 
864176033785588 
864176033781587 
864176033781561 
864176033781389 
864176033776686 
864176033776587 
864176033776348 
864176033776082 
864176033775985 
864176033718100 
864176033524763 
864176033517700 
864176033373005 
864176033369102 
864176033213920 
864176033211346 
864176033151120 
864176033142608 
864176033142301 
864176033140743 
864176033140420 
864176033133425 
864176033132724 
864176033129605 
864176033129282 
864176033128847 
864176033127567 
864176033127161 
864176033126387 
864176033125140 
864176033124820 
864176033124382 
864176033118962 
864176033118467 
864176033118426 
864176033118202 
864176033115802 
864176033115489 
864176033115380 
864176033114722 
864176033113500 
864176033113161 
864176033113104 
864176033112742 
864176033111603 
864176033110506 
864176033110449 
864176033110308 
864176033096069 
864176033095723 
864176033094262 
864176033067409 
864176033052906 
864176033052641 
864176033051601 
864176033051544 
864176033050728 
864176033050306 
864176033049985 
864176033003743 
864176033003289 
864176033002323 
864176033002307 
864176033002281 
864176032952841 
864176032942388 
864176032892583 
864176032889308 
864176032870381 
864176032844543 
864176032844204 
864176032843784 
864176032843180 
864176032777081 
864176032703269 
864176032665484 
864176032665468 
864176032601489 
864176032453329 
864176032450143 
864176032432802 
864176032430368 
864176032429428 
864176032428685 
864176032426960 
864176032426903 
864176032425541 
864176032425145 
864176032425061 
864176032422209 
864176032422043 
864176032420724 
864176032408240 
864176032399605 
864176032399407 
864176032399308 
864176032397864 
864176032397708 
864176032396486 
864176032396080 
864176032396049 
864176032395348 
864176032391180 
864176032390745 
864176032390661 
864176032390364 
864176032390323 
864176032390067 
864176032358502 
864176032358262 
864176032357868 
864176032357165 
864176032352125 
864176032351887 
864176032350566 
864176032349345 
864176032349287 
864176032349261 
864176032349204 
864176032338066 
864176032315205 
864176032315049 
864176032314661 
864176032314323 
864176032313002 
864176032312624 
864176032310941 
864176032308044 
864176032307269 
864176032305784 
864176032298906 
864176032298344 
864176032296447 
864176032296363 
864176032296322 
864176032296280 
864176032282884 
864176032275441 
864176032250766 
864176032250642 
864176032247648 
864176032247622 
864176032247606 
864176032244983 
864176032225925 
864176032225529 
864176032224886 
864176032223862 
864176032223664 
864176032223540 
864176032222385 
864176032220900 
864176032213400 
864176032210729 
864176032210604 
864176032209705 
864176032209341 
864176032208202 
864176032207964 
864176032207345 
864176032204342 
864176032146428 
864176032139167 
864176032133905 
864176032131826 
864176032123062 
864176032121942 
864176032121926 
864176032114384 
864176032113865 
864176031978300 
864176031978284 
864176031974143 
864176031971388 
864176031966289 
864176031965042 
864176031964565 
864176031963849 
864176031934485 
864176031926341 
864176031595286 
864176031591384 
864176031523064 
864176031523023 
864176031304044 
864176031300927 
864176031299020 
864176031290060 
864176031117644 
864176031117602 
864176031107348 
864176031102380 
864176031081402 
864176031011003 
864176030997400 
864176030994480 
864176030993805 
864176030993425 
864176030993268 
864176030979861 
864176030979689 
864176030979507 
864176030979481 
864176030957925 
864176030957842 
864176030957503 
864176030956448 
864176030947249 
864176030947223 
864176030946506 
864176030946480 
864176030946464 
864176030880960 
864176030880523 
864176030879467 
864176030849148 
864176030848025 
864176030704665 
864176030704368 
864176030701323 
864176030698883 
864176030698842 
864176030698826 
864176030698602 
864176030697968 
864176030664349 
864176030664125 
864176030657640 
864176030651866 
864176030614948 
864176030545720 
864176030544228 
864176030543527 
864176030529104 
864176030527280 
864176030526506 
864176030526449 
864176030461563 
864176030456126 
864176030454303 
864176030433562 
864176030433067 
864176030431160 
864176030392842 
864176030359080 
864176030354065 
864176030353927 
864176030353620 
864176030352846 
864176030352168 
864176030350543 
864176030342466 
864176030342045 
864176030338407 
864176030338126 
864176030333846 
864176030332681 
864176030308483 
864176030308467 
864176030284981 
864176030284668 
864176030276847 
864176030129087 
864176030128766 
864176030104809 
864176030103868 
864176030101086 
864161039967810 
864161039961318 
864161039961052 
864161039959312 
864161039935551 
864161039935510 
864161039887430 
864161039886135 
864161039877159 
864161039876318 
864161039818351 
864161039816892 
864161039816199 
864161039815738 
864161039800573 
864161039775593 
864161039775452 
864161039774976 
864161039774257 
864161039760975 
864161039760892 
864161039760439 
864161039760256 
864161039705897 
864161039705756 
864161039705533 
864161039698357 
864161039694570 
864161039615955 
864161039615195 
864161039586990 
864161039469775 
864161039467233 
864161039466755 
864161039394213 
864161039371955 
864161039368878 
864161038738675 
864161038738451 
864161038737255 
864161038736877 
864161038736414 
864161038735234 
864161038734435 
864161038734054 
864161038717075 
864161038677576 
864161038674052 
864161038641697 
864161038631037 
864161038630856 
864161038528399 
864161038528274 
864161038524133 
864161038494394 
864161038493776 
864161038493438 
864161038455478 
864161038455254 
864161038453333 
864161038431891 
864161038431073 
864161038430695 
864161038429218 
864161038390618 
864161038390113 
864161038389610 
864161038388174 
864161038386970 
864161038386418 
864161038374794 
864161038374612 
864161038374091 
864161038374018 
864161038368374 
864161038322975 
864161038320839 
864161038236738 
864161038233818 
864161038150673 
864161038138611 
864161038137258 
864161038130337 
864161038126574 
864161038126236 
864161038126210 
864161038123456 
864161038111758 
864161037991374 
864161037989592 
864161037985194 
864161037983579 
864161037982118 
864161037980393 
864161037979718 
864161037975237 
864161037967036 
864161037964777 
864161037964397 
864161037962813 
864161037962797 
864161037961237 
864161037957532 
864161037953218 
864161037952517 
864161037924037 
864161037921090 
864161037921033 
864161037917171 
864161037916637 
864161037913873 
864161037911216 
864161037910770 
864161037905937 
864161037904534 
864161037903551 
864161037903437 
864161037902694 
864161037902553 
864161037902538 
864161037901779 
864161037901019 
864161037900219 
864161037898397 
864161037891251 
864161037835514 
864161037760654 
864161037760035 
864161037736977 
864161037736878 
864161037736712 
864161037733370 
864161037732919 
864161037732158 
864161037731853 
864161037731812 
864161037731358 
864161037730970 
864161037730137 
864161037711178 
864161037706913 
864161037705451 
864161037705295 
864161037704819 
864161037704231 
864161037702458 
864161037702136 
864161037700395 
864161037698318 
864161037698110 
864161037697831 
864161037696676 
864161037696379 
864161037613754 
864161037612491 
864161037612236 
864161037473357 
864161037473316 
864161037460974 
864161037460875 
864161037457012 
864161037456832 
864161037456774 
864161037456576 
864161037454977 
864161037380479 
864161037377897 
864161037376857 
864161037376832 
864161037375875 
864161037374274 
864161037373052 
864161037370892 
864161037352692 
864161037352155 
864161037192254 
864161037190019 
864161037184491 
864161037184459 
864161037183113 
864161037183030 
864161037182974 
864161037179459 
864161037132037 
864161037131898 
864161037131112 
864161037103079 
864161037102592 
864161037101974 
864161037101750 
864161037101131 
864161037100075 
864161037099459 
864161037068017 
864161037065757 
864161037065435 
864161037065336 
864161036994270 
864161036993231 
864161036989114 
864161036988199 
864161036988173 
864161036988074 
864161036982317 
864161036981699 
864161036962392 
864161036961592 
864161036959836 
864161036959794 
864161036952930 
864161036952633 
864161036951676 
864161036950439 
864161036950397 
864161036936198 
864161036904733 
864161036901275 
864161036899412 
864161036889876 
864161036888019 
864161036885098 
864161036880677 
864161036867039 
864161036846595 
864161036646896 
864161036646490 
864161036644438 
864161036642853 
864161036642291 
864161036642192 
864161036640873 
864161036636111 
864161036632276 
864161036632235 
864161036629199 
864161036628274 
864161036628191 
864161036626930 
864161036624778 
864161036621857 
864161036620636 
864161036620552 
864161036619950 
864161036619851 
864161036618879 
864161036618176 
864161036617913 
864161036617475 
864161036560378 
864161036557630 
864161036556756 
864161036556574 
864161036554793 
864161036529514 
864161036527955 
864161036525470 
864161036525132 
864161036523772 
864161036497233 
864161036496730 
864161036496532 
864161036475213 
864161036474794 
864161036468614 
864161036459639 
864161036459613 
864161036417918 
864161036417496 
864161036417074 
864161036416332 
864161036416233 
864161036342595 
864161036337355 
864161036321755 
864161036301898 
864161036301815 
864161036301690 
864161036299894 
864161036290471 
864161036288418 
864161036260714 
864161036260656 
864161036259831 
864161036257678 
864161036222516 
864161036220957 
864161036201619 
864161036200736 
864161036160575 
864161036160013 
864161036158611 
864161036158553 
864161036156839 
864161036152051 
864161036150279 
864161036142532 
864161036142474 
864161036141815 
864161036141716 
864161036140890 
864161036140775 
864161036140718 
864161036140155 
864161036139793 
864161036130396 
864161036129059 
864161036046733 
864161036046576 
864161036046253 
864161036046071 
864161036043573 
864161036043318 
864161036033715 
864161036032972 
864161036032899 
864161036032873 
864161036032071 
864161035606297 
864161035597934 
864161035595656 
864161035595458 
864161035594352 
864161035593776 
864161035076715 
864161035076012 
864161035065932 
864161035065114 
864161035034276 
864161035034250 
864161034999313 
864161034998794 
864161034992177 
864161034991971 
864161034991955 
864161034983572 
864161034983135 
864161034982913 
864161034982871 
864161034981659 
864161034864236 
864161034857875 
864161034857818 
864161034856539 
864161034849815 
864161034849633 
864161034517719 
864161034120670 
864161034117536 
864161033977831 
864161033820593 
864161033819991 
864161033819397 
864161033436630 
864161033436416 
864161033435418 
864161033435012 
864161033434239 
864161033433892 
864161033433793 
864161033433777 
864161033433678 
864161033433652 
864161033432431 
864161033420196 
864161033420014 
864161033335758 
864161033335733 
864161033335634 
864161033335477 
864161033335394 
864161033334819 
864161033334751 
864161033334736 
864161033334553 
864161033333431 
864161033332813 
864161033321451 
864161033321295 
864161033321238 
864161033320875 
864161033075479 
864161033074597 
864161033074191 
864161032929312 
864161032784899 
864161032766730 
864161032761798 
864161032723632 
864161032332897 
864161032332731 
864161032318573 
864161032317757 
864161032123510 
864161031985752 
864161031985711 
864161031985612 
864161031982916 
864161031864775 
864161031828796 
864161031828739 
864161031828374 
864161031802692 
864161031774834 
864161031774370 
864161031551430 
864161031544856 
864161031391894 
864161031388759 
864161031316511 
864161031315794 
864161031258796 
864161031256717 
864161030990019 
864161030988138 
864161030960731 
864161030938455 
864161030937655 
864161030937259 
864161030936657 
864161030928175 
864161030924976 
864161030923697 
864161030923176 
864161030922533 
864161030871359 
864161030870971 
864161030849595 
864161030689330 
864161030672096 
864161030629831 
864161030629732 
864161030629476 
864161030627496 
864161030602671 
864161030598556 
864161030595891 
864161030595016 
864161030594696 
864161030593334 
864161030530476 
864161030455450 
864161030455377 
864161030454818 
864161030454677 
864161030454537 
864161030452895 
864161030441617 
864161030403633 
864161030403518 
864161030402973 
864161030402833 
864161030402593 
864161030401694 
864161030347319 
864161030345495 
864161030345438 
864161030345313 
864161030335355 
864161030334093 
864161030327279 
864161030326297 
864161030325133 
864161030325018 
864161030303890 
864161030302793 
864161030301654 
864161030301639 
864161030301472 
864161030301316 
864161030276039 
864161030275775 
864161030275676 
864161030275650 
864161030275510 
864161030268036 
864161030249572 
864161030249457 
864161030248954 
864161030248590 
864161030242379 
864161030241611 
864161030239037 
864161030237916 
864161030236033 
864161030220177 
864161030219054 
864161030219039 
864161030208339 
864161030202332 
864161030201433 
864161030201359 
864161030200815 
864161030190958 
864161030179431 
864161030179092 
864161030177112 
864161030166693 
864161030158575 
864161030154038 
864161030129170 
864161030128032 
864161030127570 
864161030095892 
864161030095876 
864161030087212 
864161030077932 
864161030077734 
864161030077676 
864161030076397 
864161030076330 
864161030053917 
864161030053859 
864161030052232 
864161030036896 
864161030035633 
864161030023795 
864161030023753 
864161030023670 
864161030023639 
864161030023597 
864161030021773 
864161030001015 
864022039912513 
864022039912174 
864022039911259 
864022039840797 
864022039839856 
864022039839294 
864022039833537 
864022039829816 
864022039774756 
864022039774335 
864022039736250 
864022039722474 
864022039721732 
864022039721211 
864022039719819 
864022039719611 
864022039719355 
864022039717052 
864022039716955 
864022039675912 
864022039655252 
864022039636559 
864022039636492 
864022039635411 
864022039635395 
864022039620736 
864022039620496 
864022039620439 
864022039617591 
864022039616734 
864022039614838 
864022039608517 
864022039607832 
864022039607030 
864022039606792 
864022039605034 
864022039604474 
864022039600795 
864022039600514 
864022039599476 
864022039594030 
864022039592893 
864022039588230 
864022039587653 
864022039587570 
864022039577217 
864022039576672 
864022039560536 
864022039559710 
864022039525992 
864022039515597 
864022039514392 
864022039510978 
864022039510358 
864022039491153 
864022039489934 
864022039466650 
864022039446199 
864022039442610 
864022039430078 
864022039429435 
864022039423354 
864022039397996 
864022039260194 
864022039260178 
864022039260152 
864022039259170 
864022039259071 
864022039258636 
864022039256978 
864022039256713 
864022039254494 
864022039242234 
864022039242192 
864022039230130 
864022039230114 
864022039229777 
