863513039298573
863513039322092
863513038136899
863513039226558
863513039298771
863513039385438
863513039396617
863513039396872
863513039398092
863513039398530
863513039588197
863513039654718
863513039656192
863513039663016
863513039663859
863513039663875
863513039664154
863513039666035
863513039678717
863513039946031
863513038136931
863513038136956
863513038136998
863513038142657
863513038142954
863513038694236
863513038971758
863513038971790
863513038973853
863513039005259
863513039010895
863513039068851
863513039069453
863513039069958
863513039074495
863513039074537
863513039074610
863513039209273
863513039212459
863513039216252
863513039226194
863513039227457
863513039278856
863513039279011
863513039279854
863513039302854
863513039362536
863513039368475
863513039384233
863513039384431
863513039390719
863513039396716
863513039398076
863513039421993
863513039428154
863513039561673
863513039579139
863513039579774
863513039580053
863513039654734
863513039654759
863513039655319
863513039656036
863513039661853
863513039662919
863513039663891
863513039664493
863513039679079
863513039690712
863513039947336
863513039951775
863513039959513
863513039961253
863513039975055
863513039976293
863513037617972
863513037647052
863513037647110
863513037647136
863513037655352
863513037659156
863513037727219
863513038136972
863513038143473
863513038563290
863513038564892
863513038696298
863513038859797
863513038957732
863513038970636
863513038970776
863513038972517
863513038972657
863513038988356
863513038989016
863513039008519
863513039008956
863513039008998
863513039009178
863513039009517
863513039068935
863513039069131
863513039069156
863513039069834
863513039074511
863513039074594
863513039199094
863513039199953
863513039209950
863513039226178
863513039230592
863513039230618
863513039297815
863513039298813
863513039300999
863513039321532
863513039321912
863513039322134
863513039323157
863513039361751
863513039361975
863513039362155
863513039367477
863513039382773
863513039384258
863513039384290
863513039384316
863513039385255
863513039385271
863513039390453
863513039390479
863513039390735
863513039396534
863513039396591
863513039397797
863513039428170
863513039523913
863513039579832
863513039642556
863513039645674
863513039650310
863513039650476
863513039654395
863513039654791
863513039655392
863513039655970
863513039656234
863513039661812
863513039664055
863513039664451
863513039665458
863513039665995
863513039666050
863513039690415
863513039696917
863513039951395
863513039959711
863513039959752
863513039961378
863513039975238
863513039975634
863513039975915
863513036663993
863513036672390
863513036685913
863513036686754
863513036748596
863513037608476
863513037608955
863513037608971
863513037617956
863513037617998
863513037618376
863513037647037
863513037647292
863513037647375
863513037649090
863513037649298
863513037649876
863513037650494
863513037651971
863513037655154
863513037655212
863513037655576
863513037657374
863513037657390
863513037659297
863513037695093
863513037727276
863513037762752
863513037830716
863513037838511
863513037872593
863513037881032
863513037881974
863513037905138
863513037905831
863513037906797
863513037906912
863513037907035
863513037907696
863513037907753
863513037907779
863513037908090
863513038039598
863513038135057
863513038562573
863513038562755
863513038565618
863513038565634
863513038566277
863513038566335
863513038577456
863513038578058
863513038578934
863513038858054
863513038858310
863513038858450
863513038867931
863513038867998
863513038868012
863513038868178
863513038880553
863513038881759
863513038882138
863513038882690
863513038882773
863513038883318
863513038957237
863513038958995
863513038959456
863513038959472
863513038959878
863513038972392
863513038989214
863513038989230
863513038989339
863513038989438
863513039004435
863513039005234
863513039005697
863513039005713
863513039005739
863513039005812
863513039005838
863513039005952
863513039006059
863513039008832
863513039008931
863513039008972
863513039009038
863513039010838
863513039010978
863513039010994
863513039011174
863513039068893
863513039074271
863513039074354
863513039074750
863513039197619
863513039208135
863513039211519
863513039216393
863513039228075
863513039295090
863513039298334
863513039300155
863513039300494
863513039300734
863513039301955
863513039302771
863513039320898
863513039321094
863513039321318
863513039322118
863513039366750
863513039366834
863513039366875
863513039396658
863513039398118
863513039428196
863513039523897
863513039578859
863513039645419
863513039650377
863513039650674
863513039655756
863513039655954
863513039656051
863513039662836
863513039662877
863513039664774
863513039665011
863513039665433
863513039678618
863513039692395
863513039695216
863513039925712
863513039925837
863513039926215
863513039947955
863513039948219
863513039949332
863513039949399
863513039951015
863513039951270
863513039951973
863513039959612
863513039960339
863513039961295
863513034555399
863513034555951
863513034576411
863513034576452
863513034576478
863513034576494
863513034577773
863513034587210
863513034587335
863513034594976
863513034597011
863513034597433
863513034660751
863513034928810
863513035081379
863513035156353
863513035157211
863513035157518
863513035678315
863513035680758
863513035705670
863513035717618
863513035718152
863513035732799
863513035741295
863513035741311
863513035741378
863513035741436
863513036514477
863513036626073
863513036643193
863513036644993
863513036671756
863513036671970
863513036672192
863513036672259
863513036686135
863513036686499
863513036686655
863513036701892
863513036701918
863513036701991
863513036702338
863513036748117
863513036748257
863513036748356
863513036748612
863513036748794
863513036749339
863513036749438
863513036778171
863513036778197
863513036778296
863513036778437
863513036778510
863513036778536
863513036778619
863513036778676
863513036778734
863513036778833
863513036778858
863513036778957
863513036779013
863513036928636
863513036929139
863513036929337
863513036930475
863513036930533
863513036931838
863513036978151
863513036978334
863513036982153
863513036982898
863513036982971
863513036983193
863513036984415
863513037608179
863513037608195
863513037608799
863513037609375
863513037609474
863513037617014
863513037617055
863513037617675
863513037618418
863513037627898
863513037647250
863513037647318
863513037647359
863513037648811
863513037649058
863513037649132
863513037649173
863513037649538
863513037649892
863513037649918
863513037651492
863513037651831
863513037655477
863513037655493
863513037655956
863513037656137
863513037656251
863513037657598
863513037657614
863513037657911
863513037657937
863513037658190
863513037658299
863513037659610
863513037683198
863513037683255
863513037683891
863513037694914
863513037695796
863513037723531
863513037725171
863513037727417
863513037727953
863513037756317
863513037756671
863513037756796
863513037761473
863513037820071
863513037820113
863513037820337
863513037820410
863513037820972
863513037821012
863513037849310
863513037849377
863513037849476
863513037871371
863513037871413
863513037871470
863513037871611
863513037871652
863513037871678
863513037871876
863513037872056
863513037872452
863513037872650
863513037872833
863513037872932
863513037872999
863513037873054
863513037873070
863513037873153
863513037873559
863513037880877
863513037881016
863513037881131
863513037881552
863513037881818
863513037881834
863513037881891
863513037881990
863513037882691
863513037882790
863513037882972
863513037883095
863513037883350
863513037884515
863513037884812
863513037884895
863513037885090
863513037885579
863513037904818
863513037905278
863513037905534
863513037905674
863513037905930
863513037906359
863513037906995
863513037907092
863513037907852
863513037908074
863513037908132
863513037908397
863513038034250
863513038039317
863513038039796
863513038050496
863513038051296
863513038134290
863513038134399
863513038134415
863513038134878
863513038137079
863513038137095
863513038137491
863513038137533
863513038141113
863513038142673
863513038142731
863513038143515
863513038146377
863513038146435
863513038230858
863513038236293
863513038238018
863513038238117
863513038238232
863513038238430
863513038238596
863513038239016
863513038245013
863513038245658
863513038245674
863513038251698
863513038252274
863513038252357
863513038252472
863513038252811
863513038252837
863513038252852
863513038252878
863513038282651
863513038390173
863513038544076
863513038544092
863513038544134
863513038544191
863513038544290
863513038544316
863513038549836
863513038549893
863513038550032
863513038550313
863513038550438
863513038550594
863513038550651
863513038550792
863513038551055
863513038551071
863513038551295
863513038551436
863513038551535
863513038562490
863513038562631
863513038562839
863513038563134
863513038563258
863513038564835
863513038564850
863513038565071
863513038565139
863513038565675
863513038565733
863513038565873
863513038565915
863513038566012
863513038566319
863513038566350
863513038566376
863513038566616
863513038566855
863513038566970
863513038567051
863513038567093
863513038567572
863513038567598
863513038567614
863513038567796
863513038567911
863513038567937
863513038567978
863513038567994
863513038574552
863513038574594
863513038574818
863513038575054
863513038576839
863513038577092
863513038577217
863513038577274
863513038577357
863513038577498
863513038577530
863513038578215
863513038578272
863513038578439
863513038578538
863513038578678
863513038578850
863513038578959
863513038579056
863513038693774
863513038693790
863513038694053
863513038857635
863513038857692
863513038857791
863513038858013
863513038858294
863513038858831
863513038859177
863513038859698
863513038859813
863513038859953
863513038860050
863513038860159
863513038867576
863513038867592
863513038867634
863513038867675
863513038867733
863513038867899
863513038868350
863513038868392
863513038880991
863513038881056
863513038881213
863513038881239
863513038881379
863513038881437
863513038881577
863513038881734
863513038882039
863513038882336
863513038882732
863513038882757
863513038882872
863513038882930
863513038882955
863513038883011
863513038883193
863513038883292
863513038883375
863513038883672
863513038883797
863513038883854
863513038883870
863513038883979
863513038884217
863513038957211
863513038957310
863513038957336
863513038957419
863513038957534
863513038957575
863513038957971
863513038958052
863513038958359
863513038958938
863513038959092
863513038959233
863513038959258
863513038959290
863513038959332
863513038959357
863513038959399
863513038959415
863513038959795
863513038959811
863513038959894
863513038959936
863513038959951
863513038960033
863513038970479
863513038970610
863513038970719
863513038970818
863513038970834
863513038970891
863513038971659
863513038971733
863513038972053
863513038972574
863513038972590
863513038972632
863513038973812
863513038973937
863513038988455
863513038988679
863513038988810
863513038989198
863513038989271
863513038989297
863513038989370
863513038989453
863513038989636
863513038989651
863513038989719
863513038989735
863513038989859
863513038990014
863513038997878
863513038997977
863513039004294
863513039005218
863513039005333
863513039005572
863513039005911
863513039005937
863513039006034
863513039006216
863513039006315
863513039006398
863513039009111
863513039009319
863513039009491
863513039009632
863513039010291
863513039010317
863513039010432
863513039010598
863513039010630
863513039010671
863513039010739
863513039011034
863513039011133
863513039069099
863513039069370
863513039069578
863513039069859
863513039069917
863513039074255
863513039074339
863513039074396
863513039074453
863513039074693
863513039074719
863513039074776
863513039197213
863513039197239
863513039197536
863513039197551
863513039197718
863513039197932
863513039198435
863513039198492
863513039198591
863513039198617
863513039198633
863513039198831
863513039198856
863513039198872
863513039198997
863513039199011
863513039199052
863513039199078
863513039199219
863513039199276
863513039199391
863513039199532
863513039199573
863513039199599
863513039208093
863513039208119
863513039208176
863513039208234
863513039208291
863513039208630
863513039208655
863513039208739
863513039209216
863513039209695
863513039209836
863513039210255
863513039210271
863513039210396
863513039211451
863513039211634
863513039211790
863513039211816
863513039211956
863513039212657
863513039215791
863513039215858
863513039215973
863513039216013
863513039216096
863513039216138
863513039216179
863513039216492
863513039216732
863513039216815
863513039216831
863513039216856
863513039216872
863513039216898
863513039216914
863513039216930
863513039217052
863513039217094
863513039217193
863513039217235
863513039217375
863513039217458
863513039217490
863513039217532
863513039217573
863513039226012
863513039226236
863513039226277
863513039226392
863513039226418
863513039226590
863513039226715
863513039226756
863513039226814
863513039226830
863513039227291
863513039227390
863513039227598
863513039227655
863513039227754
863513039228133
863513039228232
863513039228315
863513039228398
863513039228539
863513039228810
863513039228836
863513039229099
863513039230675
863513039279391
863513039279698
863513039280571
863513039280670
863513039280712
863513039280894
863513039281215
863513039281371
863513039294416
863513039294432
863513039294713
863513039294879
863513039294911
863513039295074
863513039295439
863513039295496
863513039296577
863513039296650
863513039297013
863513039297435
863513039297559
863513039298177
863513039298516
863513039298557
863513039299050
863513039299274
863513039299316
863513039299795
863513039300478
863513039300874
863513039300957
863513039301112
863513039301138
863513039301294
863513039301393
863513039301476
863513039301534
863513039301591
863513039302193
863513039302375
863513039302391
863513039302698
863513039302714
863513039302896
863513039302938
863513039320856
863513039321037
863513039321151
863513039321474
863513039321490
863513039321979
863513039321995
863513039322035
863513039322415
863513039322894
863513039323017
863513039323074
863513039361710
863513039362130
863513039362577
863513039366438
863513039366453
863513039366719
863513039366891
863513039367436
863513039367592
863513039367618
863513039367634
863513039368699
863513039368731
863513039368772
863513039368814
863513039368871
863513039368897
863513039368996
863513039369010
863513039369077
863513039369093
863513039369119
863513039369150
863513039369655
863513039369671
863513039369853
863513039369952
863513039380033
863513039382971
863513039382997
863513039384191
863513039384415
863513039385131
863513039385230
863513039386055
863513039396856
863513039396914
863513039396971
863513039396997
863513039397011
863513039397193
863513039397235
863513039397730
863513039397896
863513039398258
863513039398472
863513039421670
863513039422173
863513039422298
863513039422355
863513039422637
863513039428295
863513039428436
863513039428477
863513039428519
863513039428592
863513039428790
863513039456635
863513039459134
863513039510712
863513039510738
863513039511132
863513039512635
863513039523434
863513039523459
863513039525777
863513039525835
863513039525850
863513039525876
863513039540875
863513039540891
863513039560816
863513039579097
863513039579279
863513039579493
863513039579857
863513039579931
863513039580558
863513039580590
863513039580715
863513039580830
863513039580939
863513039580970
863513039581036
863513039581374
863513039588452
863513039588957
863513039589138
863513039589179
863513039589195
863513039589294
863513039589476
863513039641533
863513039641632
863513039642135
863513039642630
863513039642671
863513039642739
863513039642796
863513039642978
863513039642994
863513039643018
863513039643174
863513039643398
863513039643430
863513039643455
863513039643877
863513039644032
863513039644636
863513039644792
863513039645211
863513039645617
863513039645658
863513039648934
863513039648991
863513039650732
863513039654692
863513039654874
863513039654932
863513039654999
863513039655111
863513039655293
863513039655376
863513039655475
863513039655772
863513039655871
863513039656374
863513039656473
863513039656630
863513039656838
863513039656895
863513039657059
863513039657075
863513039661754
863513039662851
863513039663032
863513039663537
863513039663594
863513039663636
863513039663651
863513039663677
863513039663693
863513039663776
863513039663958
863513039663974
863513039664436
863513039664477
863513039664659
863513039664717
863513039664790
863513039664873
863513039665052
863513039665078
863513039665359
863513039665573
863513039665797
863513039665896
863513039666092
863513039666258
863513039667512
863513039678857
863513039678873
863513039678972
863513039679178
863513039689250
863513039689276
863513039689433
863513039689631
863513039689672
863513039689912
863513039690118
863513039690431
863513039691017
863513039691439
863513039691512
863513039691538
863513039691553
863513039691579
863513039692072
863513039692437
863513039692452
863513039695372
863513039813876
863513039915853
863513039916059
863513039916075
863513039916331
863513039916414
863513039916554
863513039924913
863513039925878
863513039927999
863513039946171
863513039946296
863513039946635
863513039946692
863513039946759
863513039946775
863513039946791
863513039946817
863513039947039
863513039947278
863513039947393
863513039947419
863513039947476
863513039947575
863513039947591
863513039947633
863513039947914
863513039948193
863513039948235
863513039948276
863513039948334
863513039948359
863513039948375
863513039948391
863513039948870
863513039948896
863513039948938
863513039949035
863513039949191
863513039949357
863513039949373
863513039951478
863513039958499
863513039958515
863513039959497
863513039959653
863513039961055
863513039974033
863513039974058
863513039974199
863513039974959
863513039974991
863513039975014
863513039975071
863513039975170
863513039975758
863513039975790
863513039975931
863513039976012
863513039976053
863513039976079
863513039976095
863513039976137
863513039976152
863513039976178
863513039976194
863513039976251
863513039976277
863513039976459
863513039976558
863513039976574
863513039976590
863513039976657
863513039976715
863513039976871
863513039976939
863513039976954
863513039977010
863513039977036
863513039977077
863513039977093
863513039977119
863513039977135
863513039977275
863513034554897
863513034554913
863513034554939
863513034555258
863513034555431
863513034555779
863513034556017
863513034556058
863513034556793
863513034576692
863513034576890
863513034577096
863513034577377
863513034577617
863513034586758
863513034586790
863513034587178
863513034587277
863513034587574
863513034587772
863513034588853
863513034588911
863513034589992
863513034590115
863513034594018
863513034594034
863513034594133
863513034594455
863513034594497
863513034594752
863513034594778
863513034595254
863513034595270
863513034595692
863513034595718
863513034595734
863513034595817
863513034595833
863513034596138
863513034596559
863513034597359
863513034597391
863513034743938
863513034744456
863513034762979
863513034762995
863513034763233
863513034763837
863513034764215
863513034764298
863513034764538
863513034764611
863513034764710
863513034764819
863513034764850
863513034764892
863513034775716
863513034776672
863513034777175
863513034777217
863513034777670
863513034780179
863513034780450
863513034780575
863513034780617
863513034781474
863513034781490
863513034781938
863513034782019
863513034782035
863513034865533
863513034865558
863513034865954
863513034930733
863513034931111
863513035081312
863513035083219
863513035109097
863513035110871
863513035111531
863513035157039
863513035157195
863513035157476
863513035157658
863513035178076
863513035180254
863513035368834
863513035369154
863513035369170
863513035369634
863513035393014
863513035393212
863513035417433
863513035417615
863513035417698
863513035418118
863513035418175
863513035445012
863513035445459
863513035532975
863513035533015
863513035533452
863513035675394
863513035675410
863513035675436
863513035676756
863513035677259
863513035677978
863513035678679
863513035678737
863513035678752
863513035679933
863513035680394
863513035680493
863513035680857
863513035681251
863513035681277
863513035705290
863513035705951
863513035706272
863513035706298
863513035706538
863513035706835
863513035709110
863513035710936
863513035715398
863513035715679
863513035715737
863513035717790
863513035718178
863513035718657
863513035718731
863513035731171
863513035731254
863513035731890
863513035732658
863513035732914
863513035736675
863513035736691
863513035737574
863513035737699
863513035738432
863513035738457
863513035738473
863513035738515
863513035738655
863513035740875
863513035741238
863513035742178
863513036155255
863513036157574
863513036157715
863513036514139
863513036514451
863513036625737
863513036626495
863513036627758
863513036643318
863513036643870
863513036664975
863513036671798
863513036671954
863513036672036
863513036672275
863513036672333
863513036672374
863513036673158
863513036674115
863513036686317
863513036686358
863513036686416
863513036686515
863513036686531
863513036686630
863513036702312
863513036702353
863513036711933
863513036711974
863513036737136
863513036737250
863513036748091
863513036748299
863513036748430
863513036748638
863513036748752
863513036748778
863513036778395
863513036778411
863513036778999
863513036779039
863513036779153
863513036931077
863513036946117
863513036946299
863513036978177
863513036983292
863513036984431
863513036985099
863513036985115
863513037608294
863513037608450
863513037608633
863513037608690
863513037609011
863513037609417
863513037616974
863513037617030
863513037618434
863513037646971
863513037647235
863513037647953
863513037647995
863513037648357
863513037648670
863513037648910
863513037649231
863513037650650
863513037650676
863513037651278
863513037651575
863513037655170
863513037655311
863513037655378
863513037655915
863513037655931
863513037656293
863513037656830
863513037657697
863513037657713
863513037658273
863513037659552
863513037683230
863513037683917
863513037694450
863513037694492
863513037695358
863513037723572
863513037724810
863513037725353
863513037725775
863513037725833
863513037761036
863513037762216
863513037762679
863513037762950
863513037820253
863513037820436
863513037820618
863513037820816
863513037821053
863513037830237
863513037830351
863513037832159
863513037835152
863513037849336
863513037849450
863513037871439
863513037871694
863513037871736
863513037871850
863513037872411
863513037872478
863513037872635
863513037872973
863513037873138
863513037880950
863513037880992
863513037881917
863513037882592
863513037882634
863513037882774
863513037883111
863513037883178
863513037883210
863513037883236
863513037883319
863513037884556
863513037884770
863513037884911
863513037885512
863513037904891
863513037906011
863513037906052
863513037906433
863513037907795
863513037908116
863513038034219
863513038039259
863513038049050
863513038050553
863513038134373
863513038135016
863513038135032
863513038135875
863513038135891
863513038136055
863513038136139
863513038144190
863513038146419
863513038150759
863513038200174
863513038200497
863513038200810
863513038231179
863513038236012
863513038236533
863513038237192
863513038237218
863513038237234
863513038237853
863513038238174
863513038238216
863513038238950
863513038239172
863513038239214
863513038244677
863513038245575
863513038245617
863513038252258
863513038252316
863513038252415
863513038261317
863513038261531
863513038271233
863513038271332
863513038271415
863513038271456
863513038272231
863513038272835
863513038273114
863513038274153
863513038274872
863513038275051
863513038275333
863513038275358
863513038275390
863513038277032
863513038280812
863513038281117
863513038281497
863513038282636
863513038319099
863513038319156
863513038319230
863513038319339
863513038319438
863513038319974
863513038322853
863513038351951
863513038388730
863513038389894
863513038390074
863513038390116
863513038544050
863513038549810
863513038549992
863513038550693
863513038550735
863513038550859
863513038551279
863513038562714
863513038562870
863513038562896
863513038563175
863513038563274
863513038565055
863513038565378
863513038565451
863513038565477
863513038565519
863513038565535
863513038565758
863513038565899
863513038566293
863513038566699
863513038566830
863513038567119
863513038567259
863513038567739
863513038567838
863513038567879
863513038567895
863513038568190
863513038574735
863513038577076
863513038577118
863513038577316
863513038577431
863513038577639
863513038577738
863513038578033
863513038578454
863513038578496
863513038578793
863513038578876
863513038579015
863513038579114
863513038693832
863513038693899
863513038694079
863513038694111
863513038694319
863513038857858
863513038857999
863513038858039
863513038858096
863513038858179
863513038858435
863513038858773
863513038858872
863513038859557
863513038859573
863513038859896
863513038860316
863513038867873
863513038868079
863513038868137
863513038868236
863513038868277
863513038868293
863513038868376
863513038880413
863513038880439
863513038880454
863513038880470
863513038880637
863513038880975
863513038881031
863513038881130
863513038881254
863513038881510
863513038881536
863513038881833
863513038881973
863513038881999
863513038882310
863513038882476
863513038882633
863513038882716
863513038882971
863513038883557
863513038883599
863513038883656
863513038883755
863513038883771
863513038883912
863513038883953
863513038884019
863513038884092
863513038884258
863513038884274
863513038957351
863513038957492
863513038957518
863513038957914
863513038958219
863513038958250
863513038958896
863513038959498
863513038959696
863513038959852
863513038959993
863513038970453
863513038970495
863513038970578
863513038970651
863513038970735
863513038972137
863513038972210
863513038972616
863513038973879
863513038973895
863513038988612
863513038988935
863513038989537
863513038989578
863513038989958
863513038989974
863513038997670
863513039004070
863513039004138
863513039004153
863513039004310
863513039005531
863513039005770
863513039006018
863513039006091
863513039006190
863513039006232
863513039006331
863513039009137
863513039009210
863513039009236
863513039009293
863513039009335
863513039009533
863513039009616
863513039010572
863513039010713
863513039010853
863513039068919
863513039069651
863513039069891
863513039074438
863513039197478
863513039197593
863513039197759
863513039198518
863513039198716
863513039198815
863513039198914
863513039198971
863513039199151
863513039199318
863513039208192
863513039209299
863513039209638
863513039209679
863513039210057
863513039211774
863513039211832
863513039211857
863513039212673
863513039215999
863513039216195
863513039216518
863513039216591
863513039216633
863513039216674
863513039217037
863513039217250
863513039217599
863513039226459
863513039226517
863513039226699
863513039227218
863513039228158
863513039228596
863513039228695
863513039228976
863513039230691
863513039278930
863513039280373
863513039280399
863513039280910
863513039294499
863513039294770
863513039294796
863513039295033
863513039295132
863513039295173
863513039295199
863513039295215
863513039295355
863513039295454
863513039297112
863513039297278
863513039297294
863513039297310
863513039298011
863513039298615
863513039298631
863513039298656
863513039298755
863513039298797
863513039298854
863513039298896
863513039298938
863513039300270
863513039300619
863513039300791
863513039301153
863513039301633
863513039301971
863513039302292
863513039302516
863513039302557
863513039302599
863513039302839
863513039321391
863513039321516
863513039321615
863513039321714
863513039321730
863513039321938
863513039322076
863513039322233
863513039322639
863513039322811
863513039322936
863513039323173
863513039361850
863513039366735
863513039367774
863513039367816
863513039368277
863513039368855
863513039369051
863513039369192
863513039383391
863513039384175
863513039384217
863513039385214
863513039390990
863513039391295
863513039396633
863513039396690
863513039396815
863513039397037
863513039397912
863513039397938
863513039397953
863513039398134
863513039398274
863513039398753
863513039421977
863513039422157
863513039422199
863513039422512
863513039427776
863513039427818
863513039427891
863513039427917
863513039459159
863513039459233
863513039511173
863513039511199
863513039523939
863513039524119
863513039524135
863513039524150
863513039525496
863513039525991
863513039526015
863513039538218
863513039540230
863513039541410
863513039541535
863513039560311
863513039562259
863513039562333
863513039578990
863513039579014
863513039579196
863513039579972
863513039580574
863513039580871
863513039580897
863513039581358
863513039581499
863513039581515
863513039581671
863513039588270
863513039588353
863513039589351
863513039641392
863513039641590
863513039642713
863513039642812
863513039643117
863513039643190
863513039643794
863513039645153
863513039649130
863513039654775
863513039654817
863513039655152
863513039655277
863513039655590
863513039655657
863513039655830
863513039655939
863513039656358
863513039656655
863513039656754
863513039657091
863513039657117
863513039657158
863513039661556
863513039661614
863513039662257
863513039662273
863513039663198
863513039663271
863513039664899
863513039665037
863513039665656
863513039666019
863513039666076
863513039666175
863513039666217
863513039666233
863513039666316
863513039666373
863513039678915
863513039678956
863513039679194
863513039679335
863513039681596
863513039689334
863513039689938
863513039690092
863513039690217
863513039690233
863513039690597
863513039691116
863513039692734
863513039696412
863513039697592
863513039915499
863513039915598
863513039916398
863513039916471
863513039916513
863513039924954
863513039925852
863513039925894
863513039927973
863513039946312
863513039946395
863513039946411
863513039946510
863513039946676
863513039946890
863513039946916
863513039947658
863513039948318
863513039949050
863513039949233
863513039949431
863513039949456
863513039951098
863513039951239
863513039951635
863513039951650
863513039951676
863513039958051
863513039959216
863513039959554
863513039960297
863513039961212
863513039961238
863513039974512
863513039974736
863513039975337
863513039975410
863513039975691
863513039975873
863513039976731
863513039976756
863513039976855
863513039976913
863513039976970
863513039977192
863513034554418
863513034554517
863513034555050
863513034576817
863513034577211
863513034587251
863513034587434
863513034589398
863513034594059
863513034594117
863513034595171
863513034595775
863513034596096
863513034597151
863513034698116
863513034720233
863513034720274
863513034723898
863513034723930
863513034724037
863513034724078
863513034724516
863513034743151
863513034743177
863513034743318
863513034743839
863513034743953
863513034744175
863513034744357
863513034762516
863513034762839
863513034763274
863513034763738
863513034763753
863513034763878
863513034764017
863513034764090
863513034764413
863513034764835
863513034765295
863513034765519
863513034765790
863513034765816
863513034765873
863513034775617
863513034775856
863513034775930
863513034776839
863513034777134
863513034777514
863513034777738
863513034778157
863513034780278
863513034780336
863513034780591
863513034780674
863513034780815
863513034780914
863513034782316
863513034865855
863513034867570
863513034915619
863513034915650
863513034928877
863513034928992
863513034929214
863513034929271
863513034929610
863513034930253
863513034930295
863513034930618
863513034930816
863513034930857
863513034931079
863513035069630
863513035081270
863513035081551
863513035081650
863513035081890
863513035081957
863513035082195
863513035082716
863513035083078
863513035083433
863513035083474
863513035109311
863513035109410
863513035116134
863513035116159
863513035116175
863513035116415
863513035156213
863513035156270
863513035156338
863513035156650
863513035156759
863513035156890
863513035156957
863513035157773
863513035180171
863513035180478
863513035181195
863513035181419
863513035181435
863513035181476
863513035368859
863513035368891
863513035368917
863513035370194
863513035392412
863513035392438
863513035392453
863513035392479
863513035417557
863513035417631
863513035417714
863513035417730
863513035445079
863513035445434
863513035445731
863513035445772
863513035445855
863513035445939
863513035446176
863513035446259
863513035533130
863513035533379
863513035533478
863513035675378
863513035678059
863513035678091
863513035678570
863513035678794
863513035679172
863513035679255
863513035679479
863513035679578
863513035679636
863513035679891
863513035680113
863513035680774
863513035681236
863513035705399
863513035706793
863513035708815
863513035708831
863513035708955
863513035709011
863513035709052
863513035710894
863513035711116
863513035711199
863513035715513
863513035715554
863513035715570
863513035715778
863513035717097
863513035717352
863513035717436
863513035717691
863513035718293
863513035718392
863513035718756
863513035718970
863513035718996
863513035719119
863513035719796
863513035732153
863513035732179
863513035732211
863513035732237
863513035732377
863513035732773
863513035733052
863513035733094
863513035736758
863513035736774
863513035736972
863513035737293
863513035737434
863513035737533
863513035738259
863513035738416
863513035740032
863513035740370
863513035740396
863513035740438
863513035740479
863513035740610
863513035741014
863513035741139
863513035741337
863513035741394
863513035741410
863513035742095
863513035742715
863513035742830
863513035742871
863513035743036
863513035743051
863513035743275
863513035756152
863513035756236
863513036129771
863513036514030
863513036514337
863513036625778
863513036625794
863513036625919
863513036626214
863513036626453
863513036627832
863513036643839
863513036671772
863513036671913
863513036673059
863513036685954
863513036686150
863513036686234
863513036686796
863513036736559
863513036736773
863513036736831
863513036737375
863513036737417
863513036737516
863513036737912
863513036748398
863513036748497
863513036748695
863513036778353
863513036778890
863513036946174
863513036946216
863513036946414
863513036974952
863513036976015
863513036976411
863513036981973
863513036982997
863513036983094
863513036983490
863513036983896
863513037608658
863513037609250
863513037609391
863513037618236
863513037618277
863513037620018
863513037647615
863513037648019
863513037648399
863513037649397
863513037649553
863513037650239
863513037650254
863513037650478
863513037656772
863513037657036
863513037657457
863513037658471
863513037659479
863513037659511
863513037727318
863513037756291
863513037756812
863513037756838
863513037761739
863513037820030
863513037820352
863513037830211
863513037830435
863513037833835
863513037871512
863513037871595
863513037872619
863513037872817
863513037873237
863513037880935
863513037881099
863513037881271
863513037881313
863513037881859
863513037883491
863513037884630
863513037884838
863513037884879
863513037884937
863513037905658
863513037906375
863513037906979
863513037907175
863513038038236
863513038038277
863513038039614
863513038040679
863513038050215
863513038050231
863513038134357
863513038135990
863513038136097
863513038137111
863513038142830
863513038143770
863513038150692
863513038200331
863513038200992
863513038201099
863513038231013
863513038237077
863513038237556
863513038237812
863513038238877
863513038238919
863513038244818
863513038261259
863513038271258
863513038271936
863513038272975
863513038273353
863513038274815
863513038274831
863513038275135
863513038275291
863513038277057
863513038280911
863513038280994
863513038281232
863513038281455
863513038281471
863513038282115
863513038282339
863513038318992
863513038319032
863513038319537
863513038319891
863513038322770
863513038323398
863513038350094
863513038350110
863513038351514
863513038352090
863513038352132
863513038355259
863513038388672
863513038388870
863513038388979
863513038389019
863513038389076
863513038389357
863513038389373
863513038389753
863513038389993
863513038390058
863513038390439
863513038390959
863513038391114
863513038391437
863513038544399
863513038550610
863513038550834
863513038551550
863513038562672
863513038563050
863513038563092
863513038563118
863513038563233
863513038564934
863513038566673
863513038566913
863513038567010
863513038567150
863513038567275
863513038567515
863513038567630
863513038574610
863513038577050
863513038577290
863513038577399
863513038577472
863513038577571
863513038577613
863513038578736
863513038578777
863513038578892
863513038579155
863513038579171
863513038579197
863513038858856
863513038858898
863513038859136
863513038859490
863513038859995
863513038860233
863513038860613
863513038868251
863513038881114
863513038881619
863513038882054
863513038882112
863513038882294
863513038883151
863513038883276
863513038883334
863513038883359
863513038883615
863513038958011
863513038958656
863513038958771
863513038958854
863513038959035
863513038960058
863513038971634
863513038971899
863513038972012
863513038972673
863513038973838
863513038988430
863513038989412
863513038989610
863513038989875
863513039004054
863513039006174
863513039006257
863513039006273
863513039006356
863513039009152
863513039009418
863513039009475
863513039009772
863513039069719
863513039069875
863513039074479
863513039074636
863513039197692
863513039198476
863513039198757
863513039198898
863513039199334
863513039199433
863513039208259
863513039210339
863513039212616
863513039216039
863513039216153
863513039216211
863513039217177
863513039217557
863513039226335
863513039227895
863513039279037
863513039279433
863513039279516
863513039279532
863513039280555
863513039295314
863513039295470
863513039295579
863513039296593
863513039298532
863513039298912
863513039299118
863513039300635
863513039301013
863513039301096
863513039301211
863513039301237
863513039301559
863513039301856
863513039301930
863513039302490
863513039302532
863513039302870
863513039302912
863513039321078
863513039321177
863513039322274
863513039322951
863513039323090
863513039366859
863513039369291
863513039369697
863513039380058
863513039384456
863513039385891
863513039396419
863513039396757
863513039397052
863513039397979
863513039398019
863513039399579
863513039399736
863513039399777
863513039399934
863513039422470
863513039422611
863513039428253
863513039428675
863513039459118
863513039511116
863513039511439
863513039512551
863513039512577
863513039525074
863513039525256
863513039525470
863513039538275
863513039539315
863513039539414
863513039542533
863513039542590
863513039561731
863513039562275
863513039578875
863513039580699
863513039588312
863513039643133
863513039643158
863513039643232
863513039644552
863513039644610
863513039645393
863513039648959
863513039648975
863513039654155
863513039654478
863513039654858
863513039654957
863513039654973
863513039655079
863513039655616
863513039656010
863513039656333
863513039656713
863513039656739
863513039663131
863513039663495
863513039664576
863513039664691
863513039664816
863513039665672
863513039665953
863513039666274
863513039666332
863513039667470
863513039667579
863513039681570
863513039690076
863513039690811
863513039692353
863513039730856
863513039916158
863513039916356
863513039928013
863513039946015
863513039946650
863513039947435
863513039947492
863513039947971
863513039949076
863513039958291
863513039960016
863513039960198
863513039974298
863513039975279
863513039975451
863513039975733
863513039976111
863513039976798
863513039976996
863513033216951
863513033217637
863513033217652
863513033218270
863513033218379
863513033250232
863513033250836
863513033254879
863513033319938
863513033331859
863513033332410
863513033332915
863513033332931
863513033333699
863513033335132
863513033340298
863513033361658
863513033362417
863513033397611
863513033473651
863513033483239
863513033483957
863513033496298
863513033518372
863513033519677
863513033519735
863513033549013
863513033550995
863513033564590
863513033564699
863513033565811
863513033566058
863513033819176
863513033847656
863513033946813
863513033946839
863513034124733
863513034125573
863513034125599
863513034127157
863513034140077
863513034140093
863513034140119
863513034193910
863513034193936
863513034230258
863513034230332
863513034246213
863513034246296
863513034303170
863513034303196
863513034309938
863513034328136
863513034328953
863513034379733
863513034379915
863513034380491
863513034383974
863513034414837
863513034415636
863513034416899
863513034526556
863513034554616
863513034555472
863513034556710
863513034575975
863513034576098
863513034576437
863513034576619
863513034576759
863513034587194
863513034588416
863513034588614
863513034589679
863513034594414
863513034594554
863513034594810
863513034594992
863513034595452
863513034595759
863513034595858
863513034596211
863513034617272
863513034619252
863513034619658
863513034637957
863513034681773
863513034720597
863513034723955
863513034724615
863513034724631
863513034724771
863513034743359
863513034743391
863513034743599
863513034743771
863513034743912
863513034743995
863513034744035
863513034744134
863513034744431
863513034762417
863513034762474
863513034762490
863513034762532
863513034762631
863513034762698
863513034762730
863513034762870
863513034763373
863513034763431
863513034763456
863513034763530
863513034763670
863513034763852
863513034763951
863513034764397
863513034764553
863513034765055
863513034765113
863513034765154
863513034765493
863513034775658
863513034775799
863513034776110
863513034776292
863513034777258
863513034777415
863513034778314
863513034778512
863513034778793
863513034780054
863513034780096
863513034780112
863513034780757
863513034781037
863513034781052
863513034781276
863513034781458
863513034781698
863513034781714
863513034782050
863513034782233
863513034782274
863513034782373
863513034866416
863513034867158
863513034876514
863513034928836
863513034929412
863513034929453
863513034930535
863513034930717
863513034931152
863513035069655
863513035069697
863513035069739
863513035081478
863513035082112
863513035082773
863513035082856
863513035109337
863513035109956
863513035111010
863513035112018
863513035112034
863513035116431
863513035131612
863513035156874
863513035156916
863513035157013
863513035157054
863513035179652
863513035257078
863513035369337
863513035369519
863513035369550
863513035393030
863513035393238
863513035393378
863513035393394
863513035395472
863513035417474
863513035417672
863513035417896
863513035445517
863513035445913
863513035446077
863513035446093
863513035448933
863513035449113
863513035453214
863513035533072
863513035533213
863513035533270
863513035676574
863513035676855
863513035677234
863513035677713
863513035678232
863513035679958
863513035680378
863513035680550
863513035681053
863513035705373
863513035705431
863513035707312
863513035707353
863513035707536
863513035709656
863513035709714
863513035715414
863513035715836
863513035717576
863513035717956
863513035718111
863513035718194
863513035718459
863513035718673
863513035718772
863513035719150
863513035719416
863513035719556
863513035731395
863513035732476
863513035732591
863513035733292
863513035736832
863513035737137
863513035737376
863513035737632
863513035737772
863513035737830
863513035738234
863513035738630
863513035738770
863513035741212
863513035741477
863513035742053
863513035742111
863513035742251
863513035742319
863513035742392
863513035742533
863513035742772
863513035743135
863513035755790
863513035755832
863513035755972
863513035756178
863513036086435
863513036125258
863513036125274
863513036128211
863513036129052
863513036129094
863513036129151
863513036155370
863513036156071
863513036156519
863513036157335
863513036157954
863513036158150
863513036513636
863513036513750
863513036514436
863513036514576
863513036625653
863513036625992
863513036626230
863513036643771
863513036671715
863513036673075
863513036702098
863513036736252
863513036736294
863513036736393
863513036736435
863513036736674
863513036736732
863513036737078
863513036737532
863513036737557
863513036737698
863513036737714
863513036737839
863513036737854
863513036737870
863513036748034
863513036748216
863513036748851
863513036748976
863513036778932
863513036856274
863513036858395
863513036858890
863513036875134
863513036878039
863513036879516
863513036928438
863513036928552
863513036931010
863513036946133
863513036946273
863513036948071
863513036978250
863513037608492
863513037608674
863513037609193
863513037609276
863513037647094
863513037647672
863513037648431
863513037648951
863513037649199
863513037649454
863513037649470
863513037650114
863513037650635
863513037650932
863513037651591
863513037651757
863513037655337
863513037655972
863513037656277
863513037656673
863513037657218
863513037657317
863513037657556
863513037658414
863513037658851
863513037658992
863513037659131
863513037659834
863513037695119
863513037695135
863513037695259
863513037721030
863513037725155
863513037725734
863513037728118
863513037761432
863513037762174
863513037820311
863513037829734
863513037833850
863513037833892
863513037849575
863513037873112
863513037873575
863513037873591
863513037881297
863513037881578
863513037881776
863513037882733
863513037882758
863513037882832
863513037884499
863513037905575
863513037906474
863513037908157
863513038050579
863513038050959
863513038230676
863513038236632
863513038236855
863513038237952
863513038239198
863513038244693
863513038244735
863513038251458
863513038251771
863513038251912
863513038252779
863513038261473
863513038271654
863513038272173
863513038272512
863513038272850
863513038272918
863513038273213
863513038273239
863513038273510
863513038273536
863513038274096
863513038274195
863513038274252
863513038275150
863513038275473
863513038275531
863513038276919
863513038280770
863513038281299
863513038281372
863513038281414
863513038281430
863513038281836
863513038282370
863513038282479
863513038317911
863513038318877
863513038318893
863513038318919
863513038319198
863513038319677
863513038319933
863513038323133
863513038351357
863513038351712
863513038352116
863513038352157
863513038354773
863513038354971
863513038355598
863513038355853
863513038389175
863513038389290
863513038389431
863513038389654
863513038390033
863513038390090
863513038390413
863513038390934
863513038411573
863513038413090
863513038414171
863513038414650
863513038544274
863513038549950
863513038550511
863513038550891
863513038551493
863513038562474
863513038562516
863513038563498
863513038565097
863513038565113
863513038565493
863513038566715
863513038567077
863513038567135
863513038567473
863513038578157
863513038578199
863513038578991
863513038579031
863513038693915
863513038694012
863513038694194
863513038857833
863513038858070
863513038858237
863513038858997
863513038859011
863513038860134
863513038860290
863513038867717
863513038867790
863513038868038
863513038880538
863513038880934
863513038881015
863513038881395
863513038882013
863513038882674
863513038958037
863513038958151
863513038958730
863513038959597
863513038959779
863513038959837
863513038967657
863513038971816
863513038972319
863513038972533
863513038972715
863513038972731
863513038988331
863513038988950
863513038989511
863513038997852
863513039004112
863513039004377
863513039005358
863513039005895
863513039009376
863513039009459
863513039009715
863513039010390
863513039069115
863513039069313
863513039069537
863513039069636
863513039069776
863513039069933
863513039074214
863513039197296
863513039197338
863513039197411
863513039197650
863513039197890
863513039198690
863513039199037
863513039199235
863513039208671
863513039209430
863513039209992
863513039211733
863513039212590
863513039215957
863513039216575
863513039216617
863513039217334
863513039226731
863513039227374
863513039228794
863513039228992
863513039229313
863513039229594
863513039278971
863513039278997
863513039280738
863513039281173
863513039281298
863513039294457
863513039294937
863513039294978
863513039295256
863513039295272
863513039296916
863513039296957
863513039297096
863513039297252
863513039297351
863513039297757
863513039298151
863513039299811
863513039299951
863513039299993
863513039300759
863513039301039
863513039301716
863513039301732
863513039301914
863513039303092
863513039303191
863513039321417
863513039321557
863513039321631
863513039321698
863513039322472
863513039322530
863513039322654
863513039323116
863513039366818
863513039367410
863513039369531
863513039393077
863513039397615
863513039397755
863513039398159
863513039398357
863513039398498
863513039399876
863513039422058
863513039422579
863513039511413
863513039511470
863513039522915
863513039522972
863513039524234
863513039525199
863513039562291
863513039579592
863513039579873
863513039581333
863513039589096
863513039589153
863513039589492
863513039589591
863513039641715
863513039641772
863513039642754
863513039643919
863513039644198
863513039645591
863513039648918
863513039654239
863513039654437
863513039654452
863513039654916
863513039655574
863513039655673
863513039661598
863513039663099
863513039663818
863513039664956
863513039665094
863513039665391
863513039665813
863513039666290
863513039678790
863513039679251
863513039679277
863513039688153
863513039691074
863513039691215
863513039695257
863513039696974
863513039916174
863513039916273
863513039925795
863513039946114
863513039946130
863513039946478
863513039946619
863513039947211
863513039947617
863513039947815
863513039948250
863513039949472
863513039949498
863513039949597
863513039958077
863513039958374
863513039974231
863513039974330
863513039974751
863513039975717
863513039975857
863513039976533
863513039976830
863513032026138
863513032026252
863513032026336
863513032026450
863513032027375
863513032028019
863513032051656
863513032052373
863513032052779
863513032067553
863513032109751
863513032197053
863513032197632
863513032198275
863513032742056
863513032779470
863513032983957
863513032983973
863513032984377
863513032985093
863513032988139
863513032988477
863513032990374
863513033182831
863513033183078
863513033183219
863513033184290
863513033184597
863513033185370
863513033185651
863513033185958
863513033186154
863513033216738
863513033216894
863513033217934
863513033218015
863513033218197
863513033218494
863513033218676
863513033222751
863513033250174
863513033250190
863513033250455
863513033250497
863513033250976
863513033251016
863513033253558
863513033253855
863513033255496
863513033255850
863513033319870
863513033328590
863513033330653
863513033330737
863513033330752
863513033330893
863513033331339
863513033331396
863513033332238
863513033332535
863513033332972
863513033333137
863513033333798
863513033335116
863513033335199
863513033338839
863513033339159
863513033339597
863513033339811
863513033340231
863513033340256
863513033340272
863513033340678
863513033356930
863513033361591
863513033363373
863513033369958
863513033408319
863513033409994
863513033410018
863513033413319
863513033413673
863513033413814
863513033473297
863513033474378
863513033483452
863513033496736
863513033497312
863513033497494
863513033519693
863513033519792
863513033520352
863513033520477
863513033520675
863513033520857
863513033521038
863513033521095
863513033548957
863513033549393
863513033549575
863513033549955
863513033550516
863513033551753
863513033564871
863513033565092
863513033565118
863513033565290
863513033565472
863513033565514
863513033566298
863513033568310
863513033568799
863513033569011
863513033741370
863513033744093
863513033747674
863513033755313
863513033755511
863513033757475
863513033757574
863513033760214
863513033761170
863513033761576
863513033761915
863513033761956
863513033762350
863513033789015
863513033791698
863513033792191
863513033847631
863513034123776
863513034124774
863513034140754
863513034141075
863513034194256
863513034195816
863513034229219
863513034229391
863513034229417
863513034229458
863513034229573
863513034241818
863513034275592
863513034297315
863513034298198
863513034298255
863513034298495
863513034298875
863513034299295
863513034299550
863513034300051
863513034301018
863513034301455
863513034302032
863513034302131
863513034302495
863513034302750
863513034302776
863513034302974
863513034303659
863513034303691
863513034305472
863513034305811
863513034306173
863513034306454
863513034319796
863513034319879
863513034320190
863513034320356
863513034328318
863513034338655
863513034372019
863513034372118
863513034375814
863513034375830
863513034376150
863513034376234
863513034376259
863513034376374
863513034378099
863513034378198
863513034378792
863513034379394
863513034379592
863513034379717
863513034381077
863513034381473
863513034381630
863513034381671
863513034382612
863513034382737
863513034382836
863513034408110
863513034411031
863513034411338
863513034411494
863513034411916
863513034412435
863513034412732
863513034414134
863513034415131
863513034415651
863513034415859
863513034416055
863513034416097
863513034416311
863513034417798
863513034417939
863513034418556
863513034420453
863513034421014
863513034421170
863513034449817
863513034526374
863513034527190
863513034527950
863513034554434
863513034555811
863513034555993
863513034575934
863513034576213
863513034577799
863513034586618
863513034586634
863513034586675
863513034586857
863513034587558
863513034588234
863513034590016
863513034594075
863513034594158
863513034594513
863513034595916
863513034617231
863513034619617
863513034638138
863513034680478
863513034681732
863513034682037
863513034696656
863513034720050
863513034720092
863513034720134
863513034720472
863513034724136
863513034724276
863513034744191
863513034744258
863513034744290
863513034744472
863513034744571
863513034751717
863513034762599
863513034763415
863513034763597
863513034763811
863513034764439
863513034764470
863513034765212
863513034765352
863513034765410
863513034776375
863513034776573
863513034776797
863513034776870
863513034777639
863513034778579
863513034778694
863513034780138
863513034780377
863513034780534
863513034781151
863513034781193
863513034781334
863513034781870
863513034861599
863513034862530
863513034863033
863513034863215
863513034863397
863513034863470
863513034863850
863513034864395
863513034864452
863513034877413
863513034929578
863513034930238
863513034930352
863513034930378
863513034930394
863513034930774
863513034930956
863513035069432
863513035069671
863513035081635
863513035081874
863513035082658
863513035083250
863513035083490
863513035110293
863513035110715
863513035112117
863513035112638
863513035113792
863513035113917
863513035114238
863513035115995
863513035131950
863513035156551
863513035157799
863513035174893
863513035176310
863513035176617
863513035176930
863513035177136
863513035180551
863513035180650
863513035255494
863513035255635
863513035255833
863513035256153
863513035257292
863513035331295
863513035331477
863513035332558
863513035332855
863513035368990
863513035370079
863513035392636
863513035392859
863513035392974
863513035393071
863513035417490
863513035417516
863513035444833
863513035444874
863513035445053
863513035445111
863513035445137
863513035445251
863513035445350
863513035445897
863513035448651
863513035448719
863513035449550
863513035452018
863513035454212
863513035533056
863513035533171
863513035676731
863513035678075
863513035678190
863513035679552
863513035680212
863513035680279
863513035680311
863513035706611
863513035707098
863513035707130
863513035707213
863513035715794
863513035715810
863513035717998
863513035718038
863513035718079
863513035718517
863513035718699
863513035718814
863513035719234
863513035719697
863513035731338
863513035732310
863513035732336
863513035732732
863513035737012
863513035737038
863513035738192
863513035738333
863513035738531
863513035740594
863513035741832
863513035742491
863513035742574
863513035743119
863513035743333
863513035756111
863513035900495
863513036128856
863513036129078
863513036129615
863513036129698
863513036155271
863513036156113
863513036156972
863513036156998
863513036513834
863513036513859
863513036514352
863513036514378
863513036514394
863513036514535
863513036514550
863513036581393
863513036625612
863513036625711
863513036625877
863513036626693
863513036627675
863513036671996
863513036686556
863513036686572
863513036736351
863513036736757
863513036737094
863513036737359
863513036737615
863513036737656
863513036737755
863513036737771
863513036737938
863513036748737
863513036748919
863513036778239
863513036778270
863513036778791
863513036778817
863513036778973
863513036830493
863513036831491
863513036832432
863513036832671
863513036854832
863513036855078
863513036856233
863513036856852
863513036857132
863513036857199
863513036857272
863513036858098
863513036858452
863513036858478
863513036858858
863513036858932
863513036858973
863513036859153
863513036859211
863513036876850
863513036877536
863513036877833
863513036878559
863513036879177
863513036879276
863513036879292
863513036879359
863513036879615
863513036879698
863513036879896
863513036879938
863513036880076
863513036880217
863513036880498
863513036880597
863513036881116
863513036881199
863513036946059
863513036978359
863513036982799
863513037100334
863513037588132
863513037608153
863513037608872
863513037608898
863513037609359
863513037618335
863513037619978
863513037627914
863513037627930
863513037648977
863513037649314
863513037649496
863513037650692
863513037650916
863513037651237
863513037651534
863513037651815
863513037655196
863513037655998
863513037656178
863513037656814
863513037658877
863513037659099
863513037659172
863513037659495
863513037725338
863513037727433
863513037727656
863513037756259
863513037762190
863513037762778
863513037762794
863513037813670
863513037814512
863513037814751
863513037815717
863513037815790
863513037815873
863513037820998
863513037831656
863513037849492
863513037871272
863513037871330
863513037871496
863513037871579
863513037871835
863513037872437
863513037872718
863513037872858
863513037873013
863513037873278
863513037873492
863513037880836
863513037881057
863513037881073
863513037881396
863513037881479
863513037884416
863513037884796
863513037885017
863513037885033
863513037885496
863513037905591
863513037907670
863513037908215
863513038040315
863513038040331
863513038049134
863513038049837
863513038050132
863513038143796
863513038200158
863513038201073
863513038236137
863513038236475
863513038236772
863513038236798
863513038237754
863513038237770
863513038238091
863513038239156
863513038244776
863513038244875
863513038251474
863513038251490
863513038251672
863513038252134
863513038252233
863513038252993
863513038261234
863513038263636
863513038271530
863513038271712
863513038272413
863513038272439
863513038272777
863513038273130
863513038273775
863513038274237
863513038275176
863513038277099
863513038281091
863513038281315
863513038281794
863513038282057
863513038282313
863513038317770
863513038319131
863513038319255
863513038319271
863513038319552
863513038322812
863513038323513
863513038351217
863513038351993
863513038352017
863513038352199
863513038352330
863513038355234
863513038355572
863513038388656
863513038389092
863513038389456
863513038389530
863513038389555
863513038390298
863513038390397
863513038390454
863513038390538
863513038390678
863513038390850
863513038391130
863513038412191
863513038412233
863513038414213
863513038414270
863513038414478
863513038415434
863513038549877
863513038550016
863513038550750
863513038551238
863513038551519
863513038563514
863513038566657
863513038566939
863513038567457
863513038567754
863513038567853
863513038574693
863513038574750
863513038577415
863513038578413
863513038693972
863513038857619
863513038858153
863513038858393
863513038859532
863513038859599
863513038859615
863513038859912
863513038867956
863513038881155
863513038881197
863513038881353
863513038881718
863513038882070
863513038882179
863513038882419
863513038882815
863513038883110
863513038883219
863513038883839
863513038884076
863513038884233
863513038957773
863513038959118
863513038959134
863513038959191
863513038959654
863513038970511
863513038970693
863513038970792
863513038971717
863513038972350
863513038973952
863513038988216
863513038988711
863513038988851
863513038989552
863513039005473
863513039005671
863513039005754
863513039005994
863513039006299
863513039009756
863513039069438
863513039069511
863513039069792
863513039069974
863513039197379
863513039197437
863513039198930
863513039199557
863513039209711
863513039210354
863513039216435
863513039216534
863513039216559
863513039216971
863513039217110
863513039226491
863513039227275
863513039227473
863513039278898
863513039280159
863513039280456
863513039281272
863513039281470
863513039294556
863513039294952
863513039295231
863513039297179
863513039297195
863513039298094
863513039299019
863513039299175
863513039300510
863513039301070
863513039301450
863513039302573
863513039318413
863513039322175
863513039322795
863513039367832
863513039369713
863513039384498
863513039396955
863513039397219
863513039397839
863513039398035
863513039398456
863513039399637
863513039399850
863513039422397
863513039456619
863513039510894
863513039522956
863513039524176
863513039524218
863513039524259
863513039525090
863513039525116
863513039539331
863513039539372
863513039539398
863513039539430
863513039539455
863513039540214
863513039540834
863513039540859
863513039562218
863513039579337
863513039579717
863513039581135
863513039581556
863513039588155
863513039588338
863513039588718
863513039589336
863513039642838
863513039643216
863513039643810
863513039645179
863513039645435
863513039654254
863513039654494
863513039654536
863513039655178
863513039655798
863513039656671
863513039656911
863513039657034
863513039662935
863513039664915
863513039665599
863513039665979
863513039666159
863513039678659
863513039678774
863513039678816
863513039688096
863513039690456
863513039695232
863513039695315
863513039916315
863513039916455
863513039924855
863513039928112
863513039946270
863513039946379
863513039946452
863513039947351
863513039947518
863513039948151
863513039951197
863513039960172
863513039961410
863513039961535
863513039974256
863513039974314
863513039974793
863513039974835
863513039975253
863513039975295
863513039975352
863513039975659
863513039976236
863513039977051
863513031990136
863513031990391
863513031991019
863513031993379
863513031994815
863513031994930
863513031994997
863513031995010
863513031995036
863513031995051
863513031995333
863513031995390
863513032026476
863513032026518
863513032027516
863513032027557
863513032027599
863513032027839
863513032027854
863513032028472
863513032028738
863513032029413
863513032029553
863513032030676
863513032031799
863513032031997
863513032049395
863513032049494
863513032063354
863513032064519
863513032064915
863513032066332
863513032067678
863513032070136
863513032108977
863513032109496
863513032109876
863513032109892
863513032110072
863513032110676
863513032110817
863513032111237
863513032127399
863513032127571
863513032161653
863513032192054
863513032192179
863513032192419
863513032193433
863513032193490
863513032194332
863513032194779
863513032197111
863513032198291
863513032402776
863513032403899
863513032405191
863513032427732
863513032458935
863513032742411
863513032743195
863513032744730
863513032777672
863513032778274
863513032778696
863513032778811
863513032779058
863513032779413
863513032779496
863513032780973
863513032781898
863513032790519
863513032790931
863513032792556
863513032792572
863513032842351
863513032866533
863513032866632
863513032870352
863513032870378
863513032870519
863513032870592
863513032870931
863513032870956
863513032871491
863513032871574
863513032871798
863513032871970
863513032872218
863513032872614
863513032872911
863513032872937
863513032873034
863513032925719
863513032943852
863513032962217
863513032963033
863513032963215
863513032963710
863513032965293
863513032981332
863513032982058
863513032982579
863513032982637
863513032982678
863513032982892
863513032982918
863513032983015
863513032983791
863513032983874
863513032983999
863513032984336
863513032985655
863513032985713
863513032985911
863513032986158
863513032986174
863513032986539
863513032988352
863513032988410
863513032988717
863513032990952
863513032991117
863513032991299
863513032991950
863513033008333
863513033009190
863513033009216
863513033009232
863513033011592
863513033014752
863513033014836
863513033017714
863513033018118
863513033018290
863513033018316
863513033183094
863513033183177
863513033184050
863513033184076
863513033184910
863513033185115
863513033185610
863513033186311
863513033186394
863513033216191
863513033216290
863513033216936
863513033217157
863513033217355
863513033217793
863513033218114
863513033218411
863513033218551
863513033250299
863513033250315
863513033252758
863513033252790
863513033252915
863513033253772
863513033267038
863513033267319
863513033267335
863513033267350
863513033267392
863513033267517
863513033267632
863513033296557
863513033319615
863513033320019
863513033328715
863513033329333
863513033329937
863513033330471
863513033330976
863513033331115
863513033331412
863513033332139
863513033333251
863513033333376
863513033333574
863513033333616
863513033333756
863513033338912
863513033340371
863513033340470
863513033355858
863513033361898
863513033362094
863513033362136
863513033366491
863513033366517
863513033368075
863513033368158
863513033391515
863513033396357
863513033396373
863513033396910
863513033396936
863513033397678
863513033399096
863513033399112
863513033408350
863513033409713
863513033409770
863513033409895
863513033410273
863513033410372
863513033410596
863513033410653
863513033410711
863513033473875
863513033475532
863513033483932
863513033517838
863513033517937
863513033517952
863513033519958
863513033520071
863513033520378
863513033521236
863513033549195
863513033549237
863513033549633
863513033550292
863513033564731
863513033564954
863513033565019
863513033565076
863513033566793
863513033568377
863513033568393
863513033568971
863513033629435
863513033702810
863513033706514
863513033706555
863513033732817
863513033733658
863513033741479
863513033741750
863513033743855
863513033744010
863513033745793
863513033747039
863513033747112
863513033754258
863513033754274
863513033754498
863513033755198
863513033755537
863513033756071
863513033756337
863513033760172
863513033761477
863513033761550
863513033789155
863513033789619
863513033789759
863513033789775
863513033789791
863513033789874
863513033790211
863513033790252
863513033790898
863513033792399
863513033820018
863513033951292
863513034123651
863513034124113
863513034124170
863513034125250
863513034127173
863513034141216
863513034141315
863513034193597
863513034194058
863513034194371
863513034194439
863513034198075
863513034229714
863513034230274
863513034238897
863513034240091
863513034245330
863513034245595
863513034253995
863513034255297
863513034273613
863513034273977
863513034275717
863513034284610
863513034297455
863513034297752
863513034297778
863513034297794
863513034298099
863513034298172
863513034298792
863513034299154
863513034300077
863513034300697
863513034300853
863513034300911
863513034300994
863513034301513
863513034301679
863513034301711
863513034302057
863513034302735
863513034303311
863513034303931
863513034303998
863513034304053
863513034304376
863513034304970
863513034305779
863513034306314
863513034306553
863513034307031
863513034307114
863513034309912
863513034310076
863513034310514
863513034319838
863513034320117
863513034322535
863513034322758
863513034322774
863513034328193
863513034336931
863513034352854
863513034367456
863513034375632
863513034375699
863513034376358
863513034376671
863513034378131
863513034380418
863513034382935
863513034383958
863513034408151
863513034408177
863513034408474
863513034409076
863513034409597
863513034411015
863513034412658
863513034412757
863513034412773
863513034413235
863513034413516
863513034413532
863513034414035
863513034414316
863513034414357
863513034414373
863513034415214
863513034415719
863513034415834
863513034415974
863513034416030
863513034416170
863513034416238
863513034416493
863513034416618
863513034417475
863513034418515
863513034418697
863513034418713
863513034419273
863513034419331
863513034420057
863513034420537
863513034420776
863513034421030
863513034449791
863513034525434
863513034525459
863513034525491
863513034526879
863513034527018
863513034527216
863513034554590
863513034555290
863513034576015
863513034576650
863513034577633
863513034577757
863513034587418
863513034587517
863513034588150
863513034593879
863513034594398
863513034594638
863513034594679
863513034596294
863513034596773
863513034660850
863513034694891
863513034695039
863513034695070
863513034696391
863513034698231
863513034720175
863513034724011
863513034724474
863513034743417
863513034743854
863513034744332
863513034762797
863513034765253
863513034765592
863513034765758
863513034775971
863513034776730
863513034776813
863513034777019
863513034777050
863513034777431
863513034777696
863513034777753
863513034777993
863513034778710
863513034780872
863513034781839
863513034782191
863513034861573
863513034862019
863513034862159
863513034862290
863513034862639
863513034862654
863513034863876
863513034865053
863513034867356
863513034914497
863513034930196
863513034930477
863513034930519
863513035068673
863513035070752
863513035081452
863513035083276
863513035109378
863513035110152
863513035111499
863513035113115
863513035113172
863513035113636
863513035114030
863513035114055
863513035114139
863513035115672
863513035156296
863513035156312
863513035156510
863513035156692
863513035156999
863513035157278
863513035163276
863513035168390
863513035175254
863513035175338
863513035175551
863513035176054
863513035176872
863513035177490
863513035177615
863513035181450
863513035181674
863513035255510
863513035255551
863513035255692
863513035255890
863513035256179
863513035256518
863513035256872
863513035257052
863513035265956
863513035332434
863513035332798
863513035335171
863513035369790
863513035370236
863513035393295
863513035393576
863513035393659
863513035395456
863513035417334
863513035417391
863513035417532
863513035444619
863513035444858
863513035444999
863513035445798
863513035448610
863513035448974
863513035449139
863513035449196
863513035449212
863513035449279
863513035449295
863513035450657
863513035453578
863513035454014
863513035454311
863513035533197
863513035533312
863513035533411
863513035533577
863513035570991
863513035588795
863513035676715
863513035677739
863513035678612
863513035678695
863513035679230
863513035679297
863513035679495
863513035679693
863513035679917
863513035681038
863513035705332
863513035705936
863513035706231
863513035706314
863513035706819
863513035707056
863513035709557
863513035715877
863513035717493
863513035718871
863513035719093
863513035719176
863513035719713
863513035731551
863513035731999
863513035732138
863513035732351
863513035732674
863513035733011
863513035736519
863513035736873
863513035737053
863513035737590
863513035737731
863513035738077
863513035738358
863513035738754
863513035738796
863513035740271
863513035740297
863513035741097
863513035741196
863513035741535
863513035741972
863513035742673
863513035742954
863513035743192
863513035755618
863513035755956
863513035898798
863513035899358
863513035899531
863513035900099
863513035900552
863513035901055
863513035901097
863513035901576
863513035901618
863513035901758
863513035901931
863513035901998
863513036125936
863513036154019
863513036157830
863513036158515
863513036513958
863513036571196
863513036581336
863513036626099
863513036626594
863513036627659
863513036627998
863513036671673
863513036686010
863513036686432
863513036686457
863513036702379
863513036736476
863513036736872
863513036737052
863513036737896
863513036748331
863513036748653
863513036778254
863513036779070
863513036829859
863513036829990
863513036830519
863513036830675
863513036831079
863513036831814
863513036832051
863513036833372
863513036833992
863513036834214
863513036834834
863513036835096
863513036836235
863513036855052
863513036856159
863513036856332
863513036858437
863513036858593
863513036858775
863513036858791
863513036858999
863513036859377
863513036859518
863513036859534
863513036867131
863513036872917
863513036874657
863513036876678
863513036877031
863513036877155
863513036877353
863513036878054
863513036878690
863513036878856
863513036878898
863513036879078
863513036879318
863513036879334
863513036880555
863513036880837
863513036928651
863513036946034
863513036946315
863513036946372
863513036946513
863513036948311
863513037100110
863513037100854
863513037101811
863513037102090
863513037102355
863513037102470
863513037102553
863513037104336
863513037149372
863513037149398
863513037149414
863513037588058
863513037588371
863513037608930
863513037609292
863513037609490
863513037648555
863513037648639
863513037649413
863513037650072
863513037656053
863513037656574
863513037656970
863513037657432
863513037658539
863513037659818
863513037725817
863513037727698
863513037761713
863513037814850
863513037814991
863513037815899
863513037817093
863513037820394
863513037820634
863513037820915
863513037838552
863513037871231
863513037871934
863513037872577
863513037872676
863513037872692
863513037873377
863513037881636
863513037882659
863513037884697
863513037884853
863513037884952
863513037905054
863513037905518
863513037905914
863513037906037
863513037906417
863513038050934
863513038134936
863513038136113
863513038200950
863513038201115
863513038237036
863513038237895
863513038238158
863513038245492
863513038245716
863513038251896
863513038251995
863513038252290
863513038252597
863513038252738
863513038271316
863513038271878
863513038272454
863513038272751
863513038272892
863513038273635
863513038273890
863513038275036
863513038275556
863513038275572
863513038281539
863513038281596
863513038281612
863513038282172
863513038319453
863513038319511
863513038319917
863513038322952
863513038323091
863513038323299
863513038351472
863513038351498
863513038352371
863513038352397
863513038354997
863513038355010
863513038355697
863513038355978
863513038389332
863513038389597
863513038390132
863513038390231
863513038390793
863513038390918
863513038391072
863513038411235
863513038412118
863513038412415
863513038413074
863513038413116
863513038413793
863513038414676
863513038415376
863513038415558
863513038550818
863513038551113
863513038551253
863513038565014
863513038566996
863513038567499
863513038577712
863513038693857
863513038857734
863513038857890
863513038857957
863513038858377
863513038858658
863513038859151
863513038859938
863513038867618
863513038867758
863513038867832
863513038867972
863513038880835
863513038882195
863513038882393
863513038884035
863513038958714
863513038971972
863513038972095
863513038972418
863513038973978
863513038988695
863513038989313
863513039005978
863513039006133
863513039008915
863513039009012
863513039009350
863513039068836
863513039069396
863513039074412
863513039074651
863513039197452
863513039197494
863513039199193
863513039199250
863513039209935
863513039211873
863513039211931
863513039216278
863513039216419
863513039216690
863513039217219
863513039217516
863513039226376
863513039227234
863513039229156
863513039278831
863513039279359
863513039279672
863513039281413
863513039297153
863513039298599
863513039299035
863513039299159
863513039299514
863513039300031
863513039302417
863513039302656
863513039320872
863513039320955
863513039321458
863513039366412
863513039366511
863513039369176
863513039369515
863513039398795
863513039399652
863513039399710
863513039422439
863513039428618
863513039524192
863513039561517
863513039562358
863513039580772
863513039581119
863513039581234
863513039589211
863513039645237
863513039645898
863513039650351
863513039654593
863513039655533
863513039656598
863513039656614
863513039663214
863513039663552
863513039663834
863513039664196
863513039664253
863513039665110
863513039678931
863513039689474
863513039689490
863513039689854
863513039692056
863513039692494
863513039915796
863513039916372
863513039916430
863513039924939
863513039927957
863513039928070
863513039946155
863513039946437
863513039947252
863513039947732
863513039947773
863513039948011
863513039948177
863513039949118
863513039949159
863513039950934
863513039951254
863513039960396
863513039961394
863513039961493
863513039974397
863513039974678
863513039974777
863513039975030
863513039975113
863513039975311
863513039975816
863513031990011
863513031990433
863513031990516
863513031990730
863513031990979
863513031990995
863513032024893
863513032027219
863513032027334
863513032027672
863513032027995
863513032028274
863513032028696
863513032028712
863513032029959
863513032030239
863513032030510
863513032030718
863513032031096
863513032031351
863513032031930
863513032049437
863513032049452
863513032049478
863513032049734
863513032051755
863513032052118
863513032052175
863513032070094
863513032083477
863513032109157
863513032109538
863513032109819
863513032109991
863513032110353
863513032110973
863513032111278
863513032126375
863513032191817
863513032192153
863513032192252
863513032193516
863513032193813
863513032194134
863513032401638
863513032402131
863513032402313
863513032402438
863513032402651
863513032403592
863513032403790
863513032403972
863513032403998
863513032427930
863513032427997
863513032458950
863513032737775
863513032738039
863513032738914
863513032740332
863513032740415
863513032741074
863513032741116
863513032741850
863513032742072
863513032742254
863513032742353
863513032742452
863513032744755
863513032778092
863513032778795
863513032779850
863513032780114
863513032790337
863513032791715
863513032793216
863513032845198
863513032846253
863513032846337
863513032846691
863513032847178
863513032847871
863513032864876
863513032867358
863513032867952
863513032868992
863513032870097
863513032871673
863513032872192
863513032872291
863513032962498
863513032963272
863513032963439
863513032963850
863513032964098
863513032964395
863513032981597
863513032981712
863513032982017
863513032982116
863513032982959
863513032983833
863513032984211
863513032984773
863513032984955
863513032985010
863513032985259
863513032985291
863513032985358
863513032986018
863513032986836
863513032987313
863513032988295
863513032988378
863513032988733
863513032989392
863513032989830
863513032990150
863513032990556
863513032990671
863513032990812
863513033009737
863513033011279
863513033011394
863513033011436
863513033014117
863513033017490
863513033017532
863513033017839
863513033182930
863513033183334
863513033183532
863513033183599
863513033184019
863513033184175
863513033184613
863513033184795
863513033186212
863513033216233
863513033216258
863513033216498
863513033216852
863513033217595
863513033218395
863513033218478
863513033250554
863513033251057
863513033252618
863513033252832
863513033253111
863513033253319
863513033255371
863513033266733
863513033266758
863513033267491
863513033292093
863513033296110
863513033296573
863513033296631
863513033320415
863513033324078
863513033328632
863513033328814
863513033328996
863513033329036
863513033329358
863513033331735
863513033331776
863513033331792
863513033331933
863513033332170
863513033332675
863513033332774
863513033333939
863513033335074
863513033340116
863513033347012
863513033347756
863513033348374
863513033348390
863513033355031
863513033355817
863513033362250
863513033362458
863513033362813
863513033368133
863513033369990
863513033396894
863513033397595
863513033397637
863513033398155
863513033409739
863513033409853
863513033410190
863513033410299
863513033410471
863513033413293
863513033413335
863513033413350
863513033483379
863513033483577
863513033496652
863513033497056
863513033497114
863513033497593
863513033518570
863513033519339
863513033519396
863513033519776
863513033520717
863513033549757
863513033549773
863513033549997
863513033550177
863513033550359
863513033550375
863513033550417
863513033550433
863513033550573
863513033564657
