862668039886677 
862668039886156 
862668039886099 
862668039844932 
862668039837951 
862668039793717 
862668039770236 
862668039711412 
862668039658951 
862668039657730 
862668039648754 
862668039648333 
862668039637997 
862668039611117 
862668039579991 
862668039353611 
862668039332359 
862668039290771 
862668039268272 
862668039257770 
862668039257234 
862668039228755 
862668039182176 
862668039175550 
862668038928835 
862668038927993 
862668038863933 
862668038863677 
862668038863131 
862668038842473 
862668038822574 
862668038810918 
862668038764974 
862668038712478 
862668038709938 
862668038701075 
862668038694817 
862668038687415 
862668038681517 
862668038657152 
862668038629037 
862668038621075 
862668038616356 
862668038604519 
862668038547478 
862668038542230 
862668038539996 
862668038530896 
862668038503356 
862668038492816 
862668038477379 
862668038353919 
862668038350196 
862668038350113 
862668038263217 
862668038261096 
862668038260916 
862668038252194 
862668038216454 
862668038207370 
862668038028370 
862668037970655 
862668037969673 
862668037969491 
862668037969350 
862668037969293 
862668037968196 
862668037967834 
862668037960656 
862668037958593 
862668037958130 
862668037958056 
862668037954212 
862668037931673 
862668037894632 
862668037894533 
862668037875797 
862668037845634 
862668037845576 
862668037844454 
862668037835072 
862668037831212 
862668037828291 
862668037828119 
862668037668390 
862668037655439 
862668037637411 
862668037602555 
862668037585313 
862668037584779 
862668037570372 
862668037569077 
862668037534535 
862668037487916 
862668037425155 
862668037424471 
862668037346039 
862668037346013 
862668037343077 
862668037308252 
862668037292019 
862668037291532 
862668037291458 
862668037291078 
862668037266518 
862668037264257 
862668037253193 
862668037251734 
862668037251510 
862668037201176 
862668037176170 
862668037175792 
862668037133551 
862668037130797 
862668037109858 
862668037109619 
862668037109478 
862668037109312 
862668037105872 
862668037104479 
862668037104453 
862668037084895 
862668037040913 
862668037031854 
862668037028173 
862668037027373 
862668037022614 
862668037000875 
862668036998533 
862668036998277 
862668036861954 
862668036817857 
862668036817295 
862668036816073 
862668036813237 
862668036791870 
862668036780071 
862668036773738 
862668036771815 
862668036756410 
862668036754290 
862668036754076 
862668036711456 
862668036688597 
862668036685254 
862668036660638 
862668036619832 
862668036500958 
862668036453877 
862668036453299 
862668036437490 
862668036363159 
862668036344993 
862668036325331 
862668036324714 
862668036303759 
862668036302256 
862668036302157 
862668036285337 
862668036268234 
862668036247899 
862668036223791 
862668036186279 
862668036140110 
862668036132539 
862668036119478 
862668036106830 
862668036099555 
862668036099415 
862668036082536 
862668036077734 
862668035979575 
862668035975979 
862668035966952 
862668035965756 
862668035965376 
862668035953711 
862668035953679 
862668035917799 
862668035917518 
862668035899476 
862668035762971 
862668035760439 
862668035757534 
862668035754432 
862668035743591 
862668035688697 
862668035660134 
862668035647933 
862668035636894 
862668035627893 
862668035538595 
862668035536334 
862668035503730 
862668035501890 
862668035486613 
862668035472779 
862668035471219 
862668035452870 
862668035378711 
862668035378174 
862668035377697 
862668035361410 
862668035361238 
862668035359174 
862668035358259 
862668035357434 
862668035355099 
862668035340992 
862668035272690 
862668035269878 
862668035269456 
862668035269316 
862668035269019 
862668035268151 
862668035268110 
862668035261156 
862668035260497 
862668035258673 
862668035253476 
862668035149534 
862668035149518 
862668035147736 
862668035146373 
862668035145938 
862668035145250 
862668035035196 
862668035009878 
862668035008136 
862668035000273 
862668034999970 
862668034999954 
862668034999715 
862668034999558 
862668034998832 
862668034998550 
862668034998196 
862668034864737 
862668034856691 
862668034795758 
862668034779299 
862668034777657 
862668034767476 
862668034767195 
862668034766874 
862668034766452 
862668034747718 
862668034744715 
862668034727397 
862668034704776 
862668034675737 
862668034675539 
862668034675430 
862668034649955 
862668034639857 
862668034628330 
862668034624933 
862668034602772 
862668034599655 
862668034569534 
862668034567579 
862668034512534 
862668034481615 
862668034462334 
862668034256470 
862668034256330 
862668034256298 
862668034253337 
862668034166539 
862668034152232 
862668034120015 
862668034119595 
862668034117698 
862668034087552 
862668034027798 
862668034027756 
862668034022799 
862668034022013 
862668034021775 
862668034016858 
862668034006917 
862668033998817 
862668033998593 
862668033990756 
862668033984379 
862668033978454 
862668033799751 
862668033799355 
862668033797698 
862668033797490 
862668033464257 
862668033464117 
862668033449118 
862668033447815 
862668033442956 
862668033441776 
862668033358673 
862668033358251 
862668033347197 
862668033347130 
862668033329492 
862668033328635 
862668033328171 
862668033327793 
862668033308850 
862668033308512 
862668033308413 
862668033307951 
862668033307472 
862668033280356 
862668033279754 
862668033279473 
862668033279259 
862668033276495 
862668033273534 
862668033267213 
862668033267197 
862668033255796 
862668033255390 
862668033195190 
862668033155970 
862668033155632 
862668033155137 
862668033155012 
862668033154072 
862668033153991 
862668033150336 
862668033150096 
862668033112534 
862668033100034 
862668033095259 
862668033066854 
862668033066755 
862668033064578 
862668033064537 
862668033064396 
862668033063752 
862668033037194 
862668033036733 
862668033034910 
862668033034696 
862668033034118 
862668033033136 
862668032984636 
862668032964299 
862668032953490 
862668032928773 
862668032838451 
862668030133970 
862668039982013 
862668039887436 
862668039763397 
862668039658894 
862668039653432 
862668039590253 
862668039580353 
862668039567939 
862668039310876 
862668039310397 
862668039309472 
862668039256871 
862668039250197 
862668039249793 
862668039228730 
862668039182432 
862668039114112 
862668039112652 
862668039064473 
862668039064275 
862668038957313 
862668038944238 
862668038928751 
862668038927837 
862668038923232 
862668038920758 
862668038864014 
862668038863958 
862668038863719 
862668038845013 
862668038842275 
862668038822533 
862668038822491 
862668038822053 
862668038821899 
862668038818259 
862668038802113 
862668038734035 
862668038709656 
862668038705852 
862668038696218 
862668038686110 
862668038685476 
862668038677093 
862668038654076 
862668038651551 
862668038645991 
862668038616893 
862668038559630 
862668038549433 
862668038539855 
862668038502895 
862668038501798 
862668038501731 
862668038496593 
862668038496338 
862668038443876 
862668038431996 
862668038298734 
862668038252459 
862668038249679 
862668038216074 
862668038216033 
862668038214954 
862668037970473 
862668037968212 
862668037958411 
862668037944718 
862668037942894 
862668037942514 
862668037895092 
862668037894319 
862668037894293 
862668037875516 
862668037845972 
862668037845519 
862668037844355 
862668037844058 
862668037834596 
862668037833614 
862668037833432 
862668037831758 
862668037830453 
862668037828770 
862668037827590 
862668037826790 
862668037656494 
862668037656437 
862668037656056 
862668037638252 
862668037637536 
862668037637239 
862668037602613 
862668037602571 
862668037570893 
862668037568012 
862668037567873 
862668037523835 
862668037487635 
862668037486918 
862668037486454 
862668037481976 
862668037423952 
862668037390094 
862668037388270 
862668037347870 
862668037347730 
862668037347631 
862668037346914 
862668037345890 
862668037343176 
862668037342871 
862668037341097 
862668037307833 
862668037291276 
862668037291011 
862668037276756 
862668037274991 
862668037216497 
862668037182731 
862668037182491 
862668037144996 
862668037135333 
862668037109957 
862668037109874 
862668037107936 
862668037107738 
862668037106375 
862668037105096 
862668037030419 
862668037028793 
862668037028777 
862668037021871 
862668036817717 
862668036817238 
862668036816834 
862668036813336 
862668036812858 
862668036795996 
862668036778273 
862668036749795 
862668036732239 
862668036703099 
862668036680271 
862668036662998 
862668036503499 
862668036484518 
862668036456870 
862668036454834 
862668036437953 
862668036437896 
862668036437532 
862668036362276 
862668036344431 
862668036325158 
862668036324953 
862668036324839 
862668036302272 
862668036284173 
862668036284074 
862668036282573 
862668036223957 
862668036202993 
862668036187897 
862668036183136 
862668036183110 
862668036169390 
862668036167477 
862668036139674 
862668036132554 
862668036118116 
862668036100031 
862668036099175 
862668036082874 
862668036078138 
862668036077114 
862668036073394 
862668036070614 
862668035975557 
862668035956318 
862668035953331 
862668035917773 
862668035917732 
862668035917492 
862668035908111 
862668035889212 
862668035851493 
862668035848614 
862668035721811 
862668035721795 
862668035648154 
862668035634071 
862668035593533 
862668035579516 
862668035569954 
862668035537035 
862668035534990 
862668035533372 
862668035487314 
862668035486977 
862668035486878 
862668035486852 
862668035485078 
862668035473090 
862668035472951 
862668035472837 
862668035467613 
862668035456491 
862668035380311 
862668035360057 
862668035359091 
862668035355735 
862668035270793 
862668035268573 
862668035267674 
862668035266510 
862668035264713 
862668035260174 
862668035255554 
862668035213959 
862668035198531 
862668035148510 
862668035098855 
862668035037135 
862668035034959 
862668035014613 
862668035010397 
862668035009910 
862668034999392 
862668034999376 
862668034999335 
862668034998253 
862668034998030 
862668034898354 
862668034865098 
862668034856675 
862668034809179 
862668034795774 
862668034775396 
862668034766833 
862668034764838 
862668034747791 
862668034746397 
862668034733015 
862668034677550 
862668034675554 
862668034662255 
862668034652470 
862668034627837 
862668034627795 
862668034626052 
862668034625377 
862668034624917 
862668034599671 
862668034571571 
862668034522095 
862668034521758 
862668034457235 
862668034201658 
862668034120510 
862668034120098 
862668034119272 
862668034119256 
862668034119215 
862668034118852 
862668034118290 
862668034087594 
862668034087511 
862668034087479 
862668034074774 
862668034027517 
862668034025834 
862668034023094 
862668034021379 
862668033988636 
862668033441891 
862668033436693 
862668033433674 
862668033358731 
862668033358574 
862668033358095 
862668033356859 
862668033346876 
862668033329872 
862668033328817 
862668033328213 
862668033328130 
862668033326613 
862668033310294 
862668033309551 
862668033309098 
862668033308611 
862668033308595 
862668033308454 
862668033307530 
862668033280299 
862668033280273 
862668033279895 
862668033279812 
862668033279275 
862668033276990 
862668033276933 
862668033274391 
862668033273252 
862668033255499 
862668033255218 
862668033155376 
862668033155236 
862668033153355 
862668033149775 
862668033095911 
862668033094351 
862668033093759 
862668033093734 
862668033067118 
862668033066938 
862668033066730 
862668033064115 
862668033037178 
862668033035677 
862668033034753 
862668033032914 
862668033023434 
862668033023392 
862668033021479 
862668033015414 
862668032965213 
862668032898679 
862668032887516 
862668032838717 
862668039854295 
862668039793790 
862668039776670 
862668039770434 
862668039660072 
862668039657896 
862668039657433 
862668039655239 
862668039653515 
862668039649612 
862668039644951 
862668039637690 
862668039586871 
862668039535498 
862668039527818 
862668039496998 
862668039355095 
862668039289393 
862668039269734 
862668039113395 
862668039064770 
862668038920790 
862668038863917 
862668038863115 
862668038863016 
862668038861077 
862668038846755 
862668038846615 
862668038842713 
862668038842515 
862668038842499 
862668038821998 
862668038821915 
862668038809233 
862668038805496 
862668038711959 
862668038711330 
862668038708831 
862668038695699 
862668038694692 
862668038693496 
862668038690633 
862668038688314 
862668038687811 
862668038654753 
862668038631231 
862668038618758 
862668038618717 
862668038616570 
862668038539236 
862668038506110 
862668038502432 
862668038498078 
862668038492956 
862668038350733 
862668038350337 
862668038252418 
862668038249877 
862668038246113 
862668037970432 
862668037961019 
862668037960474 
862668037958676 
862668037942993 
862668037931715 
862668037897338 
862668037895076 
862668037894970 
862668037894392 
862668037894236 
862668037884757 
862668037865152 
862668037864932 
862668037864494 
862668037862555 
862668037846897 
862668037845592 
862668037844397 
862668037829513 
862668037656213 
862668037568871 
862668037551695 
862668037550473 
862668037533578 
862668037490738 
862668037346252 
862668037306272 
862668037291730 
862668037291250 
862668037273472 
862668037272532 
862668037264653 
862668037253250 
862668037200897 
862668037182871 
862668037133437 
862668037106631 
862668037104594 
862668037085553 
862668037085157 
862668037085132 
862668037031839 
862668037030476 
862668037029999 
862668037028710 
862668037028272 
862668037027951 
862668037023992 
862668036817956 
862668036817451 
862668036817279 
862668036815778 
862668036815356 
862668036780113 
862668036779875 
862668036778851 
862668036702778 
862668036689496 
862668036615137 
862668036505155 
862668036501279 
862668036482231 
862668036455096 
862668036432830 
862668036344910 
862668036326693 
862668036285212 
862668036248939 
862668036140771 
862668036139658 
862668036124999 
862668036099274 
862668036083138 
862668036083096 
862668036077015 
862668036075118 
862668036068915 
862668036012772 
862668035967216 
862668035956235 
862668035919357 
862668035908236 
862668035908210 
862668035767632 
862668035765453 
862668035743690 
862668035688515 
862668035688432 
862668035660431 
862668035660399 
862668035660076 
862668035648519 
862668035647412 
862668035537092 
862668035532655 
862668035503771 
862668035503532 
862668035481879 
862668035473017 
862668035472415 
862668035472399 
862668035471672 
862668035468918 
862668035453456 
862668035392159 
862668035379594 
862668035377531 
862668035357350 
862668035357012 
862668035340976 
862668035272799 
862668035272757 
862668035270058 
862668035269837 
862668035267732 
862668035267690 
862668035266619 
862668035264697 
862668035261339 
862668035259838 
862668035259713 
862668035233155 
862668035199190 
862668035199034 
862668035198978 
862668035147132 
862668035145458 
862668035000299 
862668034999897 
862668034999590 
862668034999434 
862668034998311 
862668034863770 
862668034795857 
862668034793639 
862668034778853 
862668034778333 
862668034777699 
862668034775131 
862668034764879 
862668034747858 
862668034733890 
862668034727637 
862668034662313 
862668034645177 
862668034628017 
862668034627811 
862668034465972 
862668034465956 
862668034382839 
862668034167214 
862668034118530 
862668034118431 
862668034118357 
862668034074253 
862668034027855 
862668034027491 
862668034025339 
862668034025115 
862668034011370 
862668034008475 
862668034005414 
862668033980054 
862668033979999 
862668033796898 
862668033436370 
862668033436354 
862668033346991 
862668033329732 
862668033328619 
862668033328312 
862668033328296 
862668033310914 
862668033310898 
862668033309718 
862668033309494 
862668033309015 
862668033308835 
862668033308694 
862668033280091 
862668033278434 
862668033267452 
862668033257297 
862668033257073 
862668033257016 
862668033256414 
862668033256133 
862668033255838 
862668033255333 
862668033250896 
862668033157174 
862668033157034 
862668033154890 
862668033154593 
862668033153736 
862668033152613 
862668033112559 
862668033109811 
862668033100117 
862668033099970 
862668033036311 
862668033034050 
862668033033854 
862668033033052 
862668033031973 
862668033022915 
862668033021537 
862668032965254 
862668032926751 
862668032913031 
862668032906357 
862668032906191 
862668032904139 
862668032904030 
862668032886294 
862668032886179 
862668032855398 
862668039899118 
862668039887618 
862668039886834 
862668039752614 
862668039734695 
862668039657755 
862668039649059 
862668039630174 
862668039595039 
862668039591038 
862668039579835 
862668039539458 
862668039338737 
862668039329918 
862668039271755 
862668039269718 
862668039264156 
862668039250833 
862668039250379 
862668039175493 
862668039114013 
862668039060117 
862668038863073 
862668038862992 
862668038862919 
862668038862596 
862668038861853 
862668038861051 
862668038842598 
862668038807971 
862668038806874 
862668038805033 
862668038800430 
862668038737772 
862668038735651 
862668038722311 
862668038714912 
862668038705795 
862668038690252 
862668038677259 
862668038618196 
862668038617776 
862668038522653 
862668038494853 
862668038491818 
862668038442472 
862668038431335 
862668038299351 
862668038260858 
862668038216611 
862668038216173 
862668038215399 
862668037969038 
862668037968378 
862668037967255 
862668037960110 
862668037954352 
862668037954238 
862668037942217 
862668037896157 
862668037895050 
862668037886653 
862668037881134 
862668037863090 
862668037847093 
862668037846814 
862668037844959 
862668037835130 
862668037834554 
862668037831311 
862668037830990 
862668037830495 
862668037829554 
862668037826691 
862668037657559 
862668037655454 
862668037637478 
862668037628717 
862668037550754 
862668037534253 
862668037534196 
862668037488674 
862668037488179 
862668037470318 
862668037391035 
862668037346716 
862668037346633 
862668037343374 
862668037342954 
862668037341071 
862668037308278 
862668037291698 
862668037273811 
862668037252310 
862668037198133 
862668037198117 
862668037182954 
862668037180131 
862668037134039 
862668037133650 
862668037085538 
862668037085496 
862668037028330 
862668037027910 
862668037022531 
862668037022176 
862668037000719 
862668036817774 
862668036817758 
862668036817253 
862668036816479 
862668036816297 
862668036811835 
862668036779552 
862668036778315 
862668036777937 
862668036777259 
862668036769991 
862668036757178 
862668036756956 
862668036754357 
862668036754233 
862668036711035 
862668036705193 
862668036703578 
862668036702570 
862668036615392 
862668036506278 
862668036506112 
862668036505536 
862668036505296 
862668036502673 
862668036453992 
862668036345594 
862668036345412 
862668036325372 
862668036304856 
862668036304757 
862668036303072 
862668036302918 
862668036285758 
862668036284355 
862668036282771 
862668036210939 
862668036186030 
862668036077072 
862668036072891 
862668036069830 
862668036012459 
862668035972554 
862668035956433 
862668035954438 
862668035940411 
862668035853499 
862668035763854 
862668035756015 
862668035743575 
862668035743492 
862668035742254 
862668035648238 
862668035647875 
862668035634113 
862668035593673 
862668035593657 
862668035579292 
862668035572354 
862668035539130 
862668035537118 
862668035536797 
862668035535658 
862668035484733 
862668035382010 
862668035379990 
862668035359190 
862668035357475 
862668035355990 
862668035292490 
862668035270553 
862668035269654 
862668035268219 
862668035266494 
862668035198994 
862668035197053 
862668035182139 
862668035182014 
862668035149591 
862668035148494 
862668035147413 
862668035145037 
862668035099515 
862668035042317 
862668035042036 
862668035036855 
862668035009332 
862668035009175 
862668035008755 
862668035007799 
862668035000018 
862668034999913 
862668034999517 
862668034998279 
862668034998154 
862668034861055 
862668034846296 
862668034795154 
862668034780230 
862668034778192 
862668034766494 
862668034766270 
862668034746710 
862668034745951 
862668034744392 
862668034743410 
862668034675612 
862668034652199 
862668034642331 
862668034642232 
862668034641390 
862668034626797 
862668034626730 
862668034626391 
862668034625237 
862668034625112 
862668034602871 
862668034601873 
862668034119678 
862668034118399 
862668034117516 
862668034030438 
862668034027558 
862668034022971 
862668034022898 
862668034022815 
862668034022658 
862668034013210 
862668033996852 
862668033977597 
862668033329716 
862668033323719 
862668033310559 
862668033256711 
862668033254930 
862668033154973 
862668033154916 
862668033154478 
862668033154452 
862668033154254 
862668033153371 
862668033152597 
862668033151375 
862668033151011 
862668033150716 
862668033095655 
862668033095473 
862668033067191 
862668033066979 
862668033064016 
862668033063992 
862668033037459 
862668033037152 
862668033033912 
862668033033896 
862668033033813 
862668033033730 
862668033033615 
862668033032930 
862668033032757 
862668033032534 
862668033032351 
862668033032195 
862668033031775 
862668033031551 
862668033015497 
862668033015471 
862668039974051 
862668039959896 
862668039818993 
862668039817318 
862668039816971 
862668039767034 
862668039659256 
862668039658837 
862668039649034 
862668039607479 
862668039586392 
862668039524112 
862668039468559 
862668039467957 
862668039408597 
862668039354635 
862668039334850 
862668039332318 
862668039310355 
862668039290672 
862668039288833 
862668039263232 
862668039250791 
862668039250353 
862668039228854 
862668039198495 
862668039197737 
862668039154191 
862668039113411 
862668039112736 
862668039072617 
862668039000493 
862668039000279 
862668039000212 
862668038959673 
862668038944931 
862668038920592 
862668038920170 
862668038889672 
862668038863651 
862668038862794 
862668038862414 
862668038861291 
862668038846151 
862668038846078 
862668038844156 
862668038844073 
862668038821337 
862668038821253 
862668038818655 
862668038818531 
862668038803913 
862668038737798 
862668038717659 
862668038711496 
862668038711397 
862668038707478 
862668038705555 
862668038698438 
862668038696952 
862668038696796 
862668038696671 
862668038694759 
862668038690799 
862668038685633 
862668038651452 
862668038539418 
862668038529997 
862668038527652 
862668038521895 
862668038521515 
862668038521051 
862668038506391 
862668038496874 
862668038491495 
862668038416153 
862668038256179 
862668038243953 
862668038215456 
862668038024817 
862668037970556 
862668037968675 
862668037968394 
862668037960599 
862668037960359 
862668037960334 
862668037958296 
862668037958114 
862668037954410 
862668037952455 
862668037946796 
862668037946770 
862668037943033 
862668037942415 
862668037939551 
862668037938850 
862668037938579 
862668037932192 
862668037900157 
862668037897213 
862668037895894 
862668037895837 
862668037895159 
862668037894335 
862668037882678 
862668037882199 
862668037864676 
862668037845451 
862668037845238 
862668037845170 
862668037844710 
862668037844413 
862668037842813 
862668037831493 
862668037831279 
862668037830396 
862668037829075 
862668037828036 
862668037827111 
862668037824472 
862668037667673 
862668037666758 
862668037657450 
862668037657435 
862668037655892 
862668037637890 
862668037637791 
862668037637510 
862668037637437 
862668037628097 
862668037625358 
862668037586832 
862668037586519 
862668037571099 
862668037570299 
862668037567931 
862668037551034 
862668037488831 
862668037488492 
862668037488013 
862668037487817 
862668037470177 
862668037425296 
862668037388296 
862668037346955 
862668037345916 
862668037308351 
862668037308070 
862668037292332 
862668037292050 
862668037291615 
862668037273936 
862668037272557 
862668037262855 
862668037251619 
862668037251197 
862668037201317 
862668037183176 
862668037180438 
862668037144954 
862668037142479 
862668037134278 
862668037132819 
862668037132637 
862668037110310 
862668037110237 
862668037110070 
862668037109494 
862668037109213 
862668037107894 
862668037105112 
862668037086379 
862668037084853 
862668037040897 
862668037030997 
862668037030492 
862668037011831 
862668036948694 
862668036854710 
862668036854371 
862668036837673 
862668036817535 
862668036813856 
862668036795954 
862668036780196 
862668036780055 
862668036778893 
862668036778570 
862668036777952 
862668036777697 
862668036777275 
862668036757459 
862668036754274 
862668036703230 
862668036703016 
862668036702810 
862668036694611 
862668036683051 
862668036617018 
862668036505551 
862668036505338 
862668036505270 
862668036504851 
862668036504158 
862668036500875 
862668036481050 
862668036454214 
862668036453638 
862668036453612 
862668036344753 
862668036344597 
862668036326917 
862668036326594 
862668036325257 
862668036324995 
862668036304914 
862668036302934 
862668036285675 
862668036285097 
862668036284330 
862668036269059 
862668036247576 
862668036223734 
862668036181775 
862668036140250 
862668036131812 
862668036124593 
862668036116656 
862668036115294 
862668036100296 
862668036082791 
862668036077031 
862668036073550 
862668036072990 
862668036072859 
862668036072818 
862668036072719 
862668036072578 
862668036069376 
862668036068899 
862668036012970 
862668036012434 
862668035975813 
862668035974758 
862668035974659 
862668035972893 
862668035972430 
862668035967190 
862668035956052 
862668035919050 
862668035917872 
862668035917658 
862668035851378 
862668035766758 
862668035765636 
862668035763698 
862668035744037 
862668035742171 
862668035688036 
862668035660233 
862668035649095 
862668035649038 
862668035648493 
862668035636837 
862668035636316 
862668035569970 
862668035504910 
862668035503755 
862668035486530 
862668035486431 
862668035486415 
862668035485458 
862668035485391 
862668035484774 
862668035483198 
862668035482893 
862668035472753 
862668035471011 
862668035469072 
862668035468819 
862668035468777 
862668035468751 
862668035468694 
862668035458232 
862668035456475 
862668035454355 
862668035453092 
862668035391771 
862668035383471 
862668035380691 
862668035376830 
862668035376137 
862668035360453 
862668035359992 
862668035359216 
862668035355933 
862668035355792 
862668035283853 
862668035269852 
862668035269373 
862668035265058 
862668035265017 
862668035264838 
862668035259796 
862668035231316 
862668035199075 
862668035181891 
862668035147454 
862668035146852 
862668035146795 
862668035146456 
862668035145599 
862668035144832 
862668035144790 
862668035144592 
862668035099572 
862668035036871 
862668035036699 
862668035034371 
862668035009712 
862668035009159 
862668035007831 
862668034998436 
862668034873233 
862668034855313 
862668034846239 
862668034846056 
862668034809690 
862668034809476 
862668034796152 
862668034777590 
862668034777392 
862668034777335 
862668034775834 
862668034775412 
862668034765850 
862668034746413 
862668034746330 
862668034741893 
862668034741794 
862668034741638 
862668034652553 
862668034650235 
862668034650136 
862668034642216 
862668034641416 
862668034628074 
862668034627779 
862668034627753 
862668034626615 
862668034600156 
862668034463092 
862668034166919 
862668034166695 
862668034119355 
862668034119231 
862668034119157 
862668034118753 
862668034118233 
862668034118019 
862668034117854 
862668034117672 
862668034117656 
862668034090176 
862668034087537 
862668034028093 
862668034022617 
862668033977258 
862668033976235 
862668033966772 
862668033966715 
862668033961435 
862668033323776 
862668033156937 
862668033155673 
862668033154932 
862668033154270 
862668033154031 
862668033154015 
862668033153892 
862668033152738 
862668033152696 
862668033152092 
862668033150450 
862668033150054 
862668033128076 
862668033093619 
862668033064735 
862668033064610 
862668033063711 
862668033037517 
862668033037350 
862668033037038 
862668033035297 
862668033034415 
862668033033839 
862668033033755 
862668033033698 
862668033033375 
862668033033292 
862668033033250 
862668033033235 
862668033033094 
862668033033078 
862668033032450 
862668033015737 
862668033012791 
862668033012718 
862668033009573 
862668032907876 
862668039982179 
862668039959433 
862668039852976 
862668039831996 
862668039776696 
862668039770939 
862668039764973 
862668039764098 
862668039760773 
862668039697918 
862668039658795 
862668039646477 
862668039641817 
862668039634192 
862668039631511 
862668039614152 
862668039587192 
862668039502811 
862668039468195 
862668039460291 
862668039354197 
862668039336954 
862668039330072 
862668039324554 
862668039309498 
862668039290391 
862668039269395 
862668039263257 
862668039263216 
862668039258018 
862668039257937 
862668039257911 
862668039250239 
862668039250213 
862668039249579 
862668039113759 
862668039000618 
862668038928819 
862668038882875 
862668038862695 
862668038862430 
862668038861317 
862668038860939 
862668038842531 
862668038819018 
862668038818770 
862668038712312 
862668038710415 
862668038710399 
862668038709037 
862668038705258 
862668038696150 
862668038690195 
862668038685351 
862668038651197 
862668038549375 
862668038549136 
862668038527371 
862668038522539 
862668038503018 
862668038501251 
862668038496577 
862668038494390 
862668038494176 
862668038491255 
862668038444353 
862668038433331 
862668038416054 
862668038352176 
862668038269651 
862668038263134 
862668038251857 
862668038249596 
862668038248135 
862668038248077 
862668038217734 
862668038217239 
862668038215191 
862668038104155 
862668038006798 
862668037968550 
862668037967651 
862668037967552 
862668037967214 
862668037961092 
862668037960235 
862668037960151 
862668037958619 
862668037957678 
862668037952356 
862668037942753 
862668037942035 
862668037941896 
862668037938918 
862668037938876 
862668037932234 
862668037932010 
862668037901031 
862668037895753 
862668037894251 
862668037881654 
862668037865590 
862668037864130 
862668037847036 
862668037846939 
862668037846871 
862668037846657 
862668037844835 
862668037833515 
862668037833457 
862668037831634 
862668037831352 
862668037830834 
862668037830537 
862668037829570 
862668037829430 
862668037827913 
862668037827137 
862668037826931 
862668037667657 
862668037657971 
862668037657658 
862668037656858 
862668037656775 
862668037655835 
862668037655413 
862668037617231 
862668037602795 
862668037602712 
862668037586071 
862668037568178 
862668037551836 
862668037551794 
862668037550150 
862668037549814 
862668037533297 
862668037488559 
862668037487452 
862668037487072 
862668037486876 
862668037424851 
862668037424596 
862668037349173 
862668037349116 
862668037347656 
862668037347557 
862668037346179 
862668037346112 
862668037343879 
862668037342830 
862668037291490 
862668037273555 
862668037273332 
862668037262830 
862668037252658 
862668037252096 
862668037244176 
862668037197812 
862668037183499 
862668037183390 
862668037182632 
862668037175735 
862668037134377 
862668037130730 
862668037110096 
862668037109676 
862668037109379 
862668037106359 
862668037105534 
862668037085892 
862668037085876 
862668037054112 
862668037030633 
862668037029874 
862668037027019 
862668037026730 
862668037022770 
862668037012656 
862668037011252 
862668037000859 
862668037000693 
862668036986090 
862668036986017 
862668036854793 
862668036837699 
862668036818012 
862668036816230 
862668036816198 
862668036815794 
862668036815471 
862668036812817 
862668036795897 
862668036757533 
862668036757111 
862668036756899 
862668036754373 
862668036754191 
862668036506153 
862668036505312 
862668036503754 
862668036503390 
862668036483411 
862668036481795 
862668036459973 
862668036458215 
862668036453752 
862668036453273 
862668036437979 
862668036433150 
862668036389410 
862668036389311 
862668036363654 
862668036363639 
862668036345578 
862668036344811 
862668036343797 
862668036324797 
862668036284991 
862668036248731 
862668036186170 
862668036167857 
862668036140755 
862668036140474 
862668036140276 
862668036132356 
862668036132315 
862668036132158 
862668036131994 
862668036131317 
862668036101112 
862668036100890 
862668036080159 
862668036078112 
862668036078054 
862668036069996 
862668036069954 
862668035966739 
862668035966697 
862668035954479 
862668035953976 
862668035953919 
862668035940452 
862668035889253 
862668035877530 
862668035853374 
862668035851675 
862668035762518 
862668035759571 
862668035722272 
862668035688713 
862668035688499 
862668035688150 
862668035660175 
862668035659771 
862668035651216 
862668035593715 
862668035580696 
862668035572370 
862668035536037 
862668035533158 
862668035505636 
862668035492496 
862668035483172 
862668035472373 
862668035468934 
862668035456673 
862668035454371 
862668035453118 
862668035392415 
862668035391938 
862668035391391 
862668035380733 
862668035377333 
862668035376517 
862668035376491 
862668035376459 
862668035376277 
862668035360834 
862668035355495 
862668035354373 
862668035332718 
862668035332478 
862668035292516 
862668035292219 
862668035292151 
862668035270199 
862668035268490 
862668035266791 
862668035266577 
862668035266072 
862668035265116 
862668035255638 
862668035253435 
862668035230953 
862668035230870 
862668035181933 
862668035149351 
862668035146555 
862668035146233 
862668035144733 
862668035144659 
862668035034116 
862668035009472 
862668035007872 
862668034999459 
862668034998956 
862668034998733 
862668034998238 
862668034809237 
862668034801077 
862668034795311 
862668034795295 
862668034780198 
862668034777897 
862668034776493 
862668034775198 
862668034775172 
862668034756537 
862668034744418 
862668034744350 
862668034743030 
862668034733932 
862668034727777 
862668034706110 
862668034703539 
862668034703257 
862668034701897 
862668034701392 
862668034652439 
862668034651837 
862668034650219 
862668034642034 
862668034640376 
862668034640319 
862668034640293 
862668034628173 
862668034626136 
862668034167016 
862668034166752 
862668034119819 
862668034119512 
862668034119298 
862668034118514 
862668034118191 
862668034090192 
862668034027236 
862668034025016 
862668033999450 
862668033992133 
862668033991937 
862668033977852 
862668033976672 
862668033966350 
862668033155996 
862668033155814 
862668033154957 
862668033154676 
862668033154536 
862668033154338 
862668033154239 
862668033152795 
862668033152670 
862668033150195 
862668033127318 
862668033103418 
862668033067134 
862668033064511 
862668033064412 
862668033064370 
862668033064099 
862668033063695 
862668033036956 
862668033035651 
862668033034837 
862668033034779 
862668033034738 
862668033034191 
862668033034175 
862668033032393 
862668033032336 
862668033009110 
862668033008955 
862668039887634 
862668039854550 
862668039830931 
862668039770053 
862668039656914 
862668039655650 
862668039650099 
862668039644456 
862668039633574 
862668039613915 
862668039441838 
862668039355855 
862668039311254 
862668039289237 
862668039288874 
862668039271797 
862668039269338 
862668039268256 
862668039263877 
862668039257812 
862668039250858 
862668039250171 
862668039250031 
862668039249835 
862668039249439 
862668039249355 
862668039249215 
862668039228458 
862668039114138 
862668039072831 
862668038944832 
862668038926995 
862668038922010 
862668038919495 
862668038863057 
862668038862778 
862668038862612 
862668038862554 
862668038862299 
862668038861713 
862668038844495 
862668038821774 
862668038821311 
862668038818937 
862668038818911 
862668038806114 
862668038711439 
862668038710118 
862668038707254 
862668038705571 
862668038697356 
862668038697059 
862668038686359 
862668038652054 
862668038607116 
862668038605219 
862668038531217 
862668038529054 
862668038528999 
862668038528858 
862668038522893 
862668038495298 
862668038492592 
862668038443397 
862668038430410 
862668038350832 
862668038350493 
862668038299658 
862668038298510 
862668038252970 
862668038251113 
862668038249935 
862668038241650 
862668038216637 
862668038215894 
862668038215852 
862668037970317 
862668037969053 
862668037968659 
862668037968493 
862668037967537 
862668037967495 
862668037962413 
862668037958270 
862668037958098 
862668037957652 
862668037952398 
862668037946259 
862668037943157 
862668037943058 
862668037942092 
862668037939270 
862668037939254 
862668037939098 
862668037932093 
862668037900918 
862668037897312 
862668037895696 
862668037894194 
862668037894038 
862668037882496 
862668037863256 
862668037862498 
862668037844991 
862668037844173 
862668037844033 
862668037842573 
862668037835031 
862668037833994 
862668037833531 
862668037830552 
862668037828739 
862668037827558 
862668037657716 
862668037655694 
862668037637676 
862668037637650 
862668037637338 
862668037628113 
862668037586618 
862668037586410 
862668037585990 
862668037569010 
862668037567915 
862668037551372 
862668037549012 
862668037534493 
862668037533875 
862668037523272 
862668037486850 
862668037470136 
862668037388098 
862668037346930 
862668037343630 
862668037343416 
862668037341790 
862668037340834 
862668037308195 
862668037291995 
862668037291979 
862668037291516 
862668037275055 
862668037273753 
862668037272813 
862668037252153 
862668037251817 
862668037251270 
862668037201275 
862668037197796 
862668037197416 
862668037183317 
862668037180511 
862668037134252 
862668037133973 
862668037133957 
862668037132835 
862668037132710 
862668037132694 
862668037132090 
862668037132033 
862668037132017 
862668037109791 
862668037109718 
862668037106417 
862668037106078 
862668037106052 
862668037105492 
862668037086296 
862668037084937 
862668037029890 
862668037029833 
862668037027811 
862668037000677 
862668036998251 
862668036998236 
862668036986470 
862668036985977 
862668036817493 
862668036817212 
862668036817170 
862668036817154 
862668036795939 
862668036782614 
862668036778752 
862668036778497 
862668036777291 
862668036757319 
862668036757038 
862668036756931 
862668036754035 
862668036732395 
862668036703313 
862668036601434 
862668036601210 
862668036505718 
862668036503515 
862668036503473 
862668036458116 
862668036455112 
862668036454172 
862668036432871 
862668036365873 
862668036363712 
862668036345537 
862668036326776 
862668036326479 
862668036326453 
862668036325539 
862668036325216 
862668036312214 
862668036268911 
862668036247279 
862668036223478 
862668036186071 
862668036183532 
862668036169432 
862668036154392 
862668036140458 
862668036140433 
862668036140391 
862668036133594 
862668036133578 
862668036131770 
862668036131358 
862668036119932 
862668036101096 
862668036078070 
862668036075050 
862668036072792 
862668036072552 
862668036069939 
862668036069616 
862668035972612 
862668035967117 
862668035954370 
862668035953273 
862668035940536 
862668035940312 
862668035940239 
862668035829895 
862668035756098 
862668035743450 
862668035697250 
862668035688473 
862668035659854 
862668035636779 
862668035579433 
862668035572396 
862668035538959 
862668035521096 
862668035502831 
862668035501932 
862668035484691 
862668035473058 
862668035472894 
862668035471698 
862668035454439 
862668035453431 
862668035453134 
862668035452953 
862668035392050 
862668035379776 
862668035379016 
862668035360917 
862668035360818 
862668035350975 
862668035350918 
862668035270074 
862668035264630 
862668035260158 
862668035259812 
862668035253237 
862668035253013 
862668035233031 
862668035206656 
862668035181990 
862668035181719 
862668035172338 
862668035149690 
862668035148437 
862668035145474 
862668035043554 
862668035034694 
862668035020214 
862668035018218 
862668035009191 
862668035008698 
862668035005199 
862668034999293 
862668034999194 
862668034998675 
862668034998477 
862668034998451 
862668034794116 
862668034778051 
862668034750571 
862668034746017 
862668034703836 
862668034701616 
862668034119553 
862668034117359 
862668034030677 
862668034024936 
862668034023037 
862668034022997 
862668034022559 
862668034021171 
862668034021114 
862668034009812 
862668034009713 
862668034008731 
862668033992018 
862668033981938 
862668033976417 
862668033976292 
862668033961096 
862668033156978 
862668033150997 
862668033064255 
862668033034258 
862668033033771 
862668033031536 
862668039973996 
862668039900718 
862668039818514 
862668039770673 
862668039716734 
862668039658290 
862668039648218 
862668039643714 
862668039643037 
862668039640579 
862668039607453 
862668039600615 
862668039576971 
862668039530457 
862668039527370 
862668039460259 
862668039334678 
862668039324679 
862668039324539 
862668039310959 
862668039309050 
862668039269494 
862668039263679 
862668039263455 
862668039257796 
862668039250718 
862668039250270 
862668039250056 
862668039249553 
862668039228714 
862668039196077 
862668039021812 
862668039000311 
862668038957693 
862668038945391 
862668038945078 
862668038945037 
862668038944097 
862668038943974 
862668038943651 
862668038940855 
862668038889771 
862668038863735 
862668038863594 
862668038862877 
862668038861150 
862668038845971 
862668038843919 
862668038842572 
862668038822632 
862668038818176 
862668038653854 
862668038650496 
862668038618618 
862668038550092 
862668038547890 
862668038540135 
862668038531050 
862668038528213 
862668038523578 
862668038522315 
862668038521911 
862668038503695 
862668038501012 
862668038500436 
862668038491651 
862668038477338 
862668038442613 
862668038442498 
862668038435039 
862668038407731 
862668038299591 
862668038298874 
862668038298536 
862668038260973 
862668038257151 
862668038216892 
862668038216876 
862668037970218 
862668037968436 
862668037954030 
862668037943199 
862668037943074 
862668037941854 
862668037938819 
862668037932218 
862668037932176 
862668037897478 
862668037896298 
862668037895274 
862668037894350 
862668037865632 
862668037864379 
862668037862514 
862668037845311 
862668037844793 
862668037844116 
862668037834273 
862668037831550 
862668037830099 
862668037829158 
862668037828093 
862668037657815 
862668037657419 
862668037657179 
862668037656999 
862668037656676 
862668037656197 
862668037655819 
862668037637858 
862668037586915 
862668037586576 
862668037570950 
862668037569291 
862668037568053 
862668037551893 
862668037551638 
862668037550515 
862668037488856 
862668037487551 
862668037470094 
862668037425213 
862668037343614 
862668037342996 
862668037292035 
862668037273498 
862668037262079 
862668037252054 
862668037197192 
862668037180495 
862668037133098 
862668037110252 
862668037084515 
862668037041333 
862668037041275 
862668037031771 
862668037030971 
862668037030617 
862668037030237 
862668037028355 
862668037028215 
862668037027159 
862668037027118 
862668037026938 
862668037026714 
862668037025195 
862668037024990 
862668037012839 
862668037012714 
862668037011674 
862668037000776 
862668037000735 
862668036818376 
862668036818319 
862668036818111 
862668036816271 
862668036815455 
862668036813252 
862668036797059 
862668036780337 
862668036779834 
862668036779594 
862668036777556 
862668036777317 
862668036756659 
862668036754571 
862668036754555 
862668036711019 
862668036705177 
862668036703354 
862668036505239 
862668036504299 
862668036503739 
862668036503713 
862668036458173 
862668036440379 
862668036345610 
862668036344514 
862668036344399 
862668036344357 
862668036344035 
862668036326370 
862668036326354 
862668036312255 
862668036303676 
862668036268499 
862668036268317 
862668036202779 
862668036185156 
862668036183235 
862668036183151 
862668036156819 
862668036140599 
862668036140557 
862668036140292 
862668036139757 
862668036100254 
862668036099951 
862668036082775 
862668036082650 
862668036082437 
862668036082379 
862668036069798 
862668036069418 
862668035972638 
862668035953935 
862668035940437 
862668035919274 
862668035889378 
862668035888990 
862668035888495 
862668035877498 
862668035853515 
862668035851717 
862668035851576 
862668035762278 
862668035757138 
862668035744797 
862668035708677 
862668035697318 
862668035688234 
862668035660415 
862668035660191 
862668035659953 
862668035659730 
862668035651158 
862668035650895 
862668035650770 
862668035648394 
862668035648196 
862668035647990 
862668035647594 
862668035637058 
862668035593939 
862668035576330 
862668035538975 
862668035534891 
862668035532978 
862668035486910 
862668035486555 
862668035485433 
862668035483974 
862668035469031 
862668035468512 
862668035468496 
862668035468413 
862668035458778 
862668035392373 
862668035391953 
862668035383174 
862668035376434 
862668035363978 
862668035359976 
862668035359471 
862668035353755 
862668035353714 
862668035332510 
862668035284877 
862668035270215 
862668035266635 
862668035266353 
862668035264812 
862668035260414 
862668035259895 
862668035258871 
862668035258699 
862668035254391 
862668035252973 
862668035252874 
862668035252577 
862668035231118 
862668035199216 
862668035181438 
862668035148379 
862668035145177 
862668035144352 
862668035099317 
862668035096891 
862668035009233 
862668035008771 
862668035008714 
862668034999277 
862668034999079 
862668034030339 
862668034027277 
862668034027251 
862668034021197 
862668033992356 
862668033992331 
862668033992273 
862668033991994 
862668033977332 
862668033976375 
862668033966657 
862668030112370 
862668039973418 
862668039899134 
862668039887337 
862668039817714 
862668039779336 
862668039778817 
862668039737490 
862668039660130 
862668039658316 
862668039658035 
862668039650230 
862668039649299 
862668039647376 
862668039645875 
862668039645032 
862668039644035 
862668039628236 
862668039595450 
862668039526059 
862668039525994 
862668039525598 
862668039502837 
862668039338018 
862668039310439 
862668039309951 
862668039290177 
862668039289278 
862668039288791 
862668039288734 
862668039288619 
862668039271730 
862668039255998 
862668039250338 
862668039249694 
862668039249611 
862668039249538 
862668039200994 
862668039113072 
862668039109799 
862668039001277 
862668039001111 
862668039000238 
862668039000196 
862668038958576 
862668038958436 
862668038923216 
862668038921392 
862668038920253 
862668038919073 
862668038915519 
862668038898392 
862668038898350 
862668038898079 
862668038863891 
862668038863099 
862668038862117 
862668038861812 
862668038860830 
862668038846771 
862668038846714 
862668038846698 
862668038846532 
862668038844057 
862668038843976 
862668038712197 
862668038711892 
862668038708997 
862668038705399 
862668038698891 
862668038697836 
862668038696895 
862668038694270 
862668038690492 
862668038687233 
862668038685336 
862668038654654 
862668038650470 
862668038605276 
862668038550258 
862668038523594 
862668038523016 
862668038521739 
862668038500519 
862668038500352 
862668038498276 
862668038495330 
862668038483054 
862668038434552 
862668038350170 
862668038298411 
862668038257854 
862668038256237 
862668038256153 
862668038256096 
862668038246154 
862668038216496 
862668038003977 
862668037969475 
862668037969418 
862668037968253 
862668037960219 
862668037958718 
862668037958379 
862668037953958 
862668037952273 
862668037952018 
862668037946192 
862668037944734 
862668037942472 
862668037942050 
862668037941839 
862668037932051 
862668037897296 
862668037895597 
862668037894673 
862668037864437 
862668037864155 
862668037862738 
862668037862597 
862668037845394 
862668037834299 
862668037833598 
862668037833416 
862668037833358 
862668037832798 
862668037830735 
862668037830693 
862668037829117 
862668037829059 
862668037828572 
862668037827335 
862668037826774 
862668037826634 
862668037666790 
862668037657930 
862668037657799 
862668037656932 
862668037656650 
862668037628394 
862668037625317 
862668037624971 
862668037624914 
862668037624872 
862668037614873 
862668037585297 
862668037570638 
862668037569952 
862668037569671 
862668037569499 
862668037569150 
862668037551497 
862668037533834 
862668037533818 
862668037533610 
862668037486793 
862668037390573 
862668037390458 
862668037390334 
862668037390011 
862668037346492 
862668037345874 
862668037342970 
862668037292092 
862668037291854 
862668037273456 
862668037273258 
862668037263812 
862668037263358 
862668037251676 
862668037251312 
862668037244416 
862668037200574 
862668037197770 
862668037175610 
862668037029635 
862668037025096 
862668037022655 
862668037000313 
862668036998210 
862668036985597 
862668036780956 
862668036705110 
862668036702836 
862668036601111 
862668036505874 
862668036504174 
862668036482975 
862668036390657 
862668036390459 
862668036345156 
862668036344530 
862668036344290 
862668036325232 
862668036302959 
862668036295732 
862668036285493 
862668036284314 
862668036282631 
862668036247618 
862668036247238 
862668036202076 
862668036186394 
862668036186113 
862668036184977 
862668036183573 
862668036140573 
862668036100155 
862668036100072 
862668036082932 
862668036082452 
862668036082254 
862668036074814 
862668036072933 
862668035979591 
862668035974774 
862668035966754 
862668035965731 
862668035965673 
862668035965616 
862668035956599 
862668035956490 
862668035956177 
862668035956151 
862668035953471 
862668035918615 
862668035917633 
862668035890756 
862668035889998 
862668035889014 
862668035768119 
862668035767954 
862668035767590 
862668035766618 
862668035765719 
862668035763417 
862668035762955 
862668035762575 
862668035760132 
862668035688671 
862668035660118 
862668035651455 
862668035651174 
862668035649111 
862668035648972 
862668035648816 
862668035648212 
862668035647974 
862668035636415 
862668035593574 
862668035593558 
862668035593418 
862668035593350 
862668035593251 
862668035576314 
862668035539338 
862668035539171 
862668035538934 
862668035535518 
862668035535013 
862668035533398 
862668035503318 
862668035502898 
862668035486753 
862668035486712 
862668035483115 
862668035482992 
862668035472993 
862668035471656 
862668035471052 
862668035470799 
862668035470690 
862668035469114 
862668035468678 
862668035458430 
862668035380634 
862668035377291 
862668035377259 
862668035377119 
862668035360297 
862668035360115 
862668035358671 
862668035354399 
862668035287615 
862668035271197 
862668035269779 
862668035268771 
862668035261875 
862668035260273 
862668035258830 
862668035258657 
862668035254250 
862668035253450 
862668035233171 
862668035231290 
862668035231217 
862668035231191 
862668035220053 
862668035199091 
862668035198770 
862668035172874 
862668035147611 
862668035009639 
862668035008854 
862668035008797 
862668035008490 
862668034028234 
862668034025818 
862668034022435 
862668033991697 
862668033991374 
862668033978538 
862668033977290 
862668033976714 
862668039973970 
862668039900411 
862668039898656 
862668039887535 
862668039886735 
862668039863916 
862668039792057 
862668039770137 
862668039750071 
862668039742797 
862668039674297 
862668039674099 
862668039659132 
862668039659017 
862668039658696 
862668039651717 
862668039649414 
862668039648978 
862668039648531 
862668039648515 
862668039644019 
862668039643938 
862668039637633 
862668039635058 
862668039632832 
862668039631917 
862668039628152 
862668039582417 
862668039523759 
862668039441770 
862668039338638 
862668039336715 
862668039334637 
862668039332599 
862668039330270 
862668039329215 
862668039308631 
862668039287694 
862668039273777 
862668039269973 
862668039269197 
862668039263695 
862668039250676 
862668039250098 
862668039196036 
862668039195830 
862668039184776 
862668039184750 
862668039112850 
862668039064291 
862668039021796 
862668039001251 
862668039000410 
862668038959491 
862668038944816 
862668038944170 
862668038940830 
862668038889615 
862668038889532 
862668038882818 
862668038864618 
862668038864238 
862668038864196 
862668038863636 
862668038862950 
862668038861598 
862668038860673 
862668038846474 
862668038822673 
862668038818374 
862668038764990 
862668038737756 
862668038737574 
862668038735016 
862668038734811 
862668038734050 
862668038711918 
862668038705811 
862668038704798 
862668038698255 
862668038698032 
862668038696416 
862668038696192 
862668038693553 
862668038685211 
862668038685195 
862668038651056 
862668038644796 
862668038636693 
862668038628799 
862668038622677 
862668038617412 
862668038616711 
862668038616554 
862668038609914 
862668038549672 
862668038547718 
862668038541638 
862668038498235 
862668038495975 
862668038495496 
862668038492550 
862668038483013 
862668038416310 
862668038408010 
862668038371317 
862668038336435 
862668038299575 
862668038299518 
862668038252830 
862668038248374 
862668038244977 
862668038217056 
862668038216694 
862668038215712 
862668038215431 
862668038211919 
862668038005592 
862668037970416 
862668037970135 
862668037969939 
862668037968352 
862668037967511 
862668037961175 
862668037961159 
862668037954139 
862668037953933 
862668037952299 
862668037944452 
862668037931517 
862668037931376 
862668037900975 
862668037900256 
862668037897577 
862668037895571 
862668037895431 
862668037895217 
862668037865491 
862668037865350 
862668037864650 
862668037864619 
862668037864411 
862668037845675 
862668037845196 
862668037843696 
862668037843639 
862668037833630 
862668037831295 
862668037831097 
862668037830594 
862668037829935 
862668037829539 
862668037829471 
862668037828432 
862668037827517 
862668037827319 
862668037827178 
862668037827053 
862668037668358 
862668037667715 
862668037657393 
862668037657336 
862668037656692 
862668037656270 
862668037656171 
862668037637254 
862668037625275 
862668037625218 
862668037624997 
862668037624856 
862668037602738 
862668037586592 
862668037585859 
862668037584530 
862668037570232 
862668037569838 
862668037569333 
862668037568715 
862668037549038 
862668037534071 
862668037533719 
862668037487130 
862668037486934 
862668037390938 
862668037390912 
862668037349058 
862668037347615 
862668037346450 
862668037307775 
862668037263853 
862668037263275 
862668037252492 
862668037251379 
862668037250892 
862668037250777 
862668037244390 
862668037216877 
862668037197838 
862668037182939 
862668037026979 
862668037025039 
862668037022754 
862668037021996 
862668037012854 
862668036998558 
862668036986371 
862668036986330 
862668036986058 
862668036854355 
862668036781335 
862668036505833 
862668036505197 
862668036503879 
862668036503556 
862668036503093 
862668036389592 
862668036362193 
862668036345172 
862668036316017 
862668036284975 
862668036284751 
862668036284710 
862668036248392 
862668036247154 
862668036186352 
862668036183052 
862668036101153 
862668036101138 
862668036100171 
862668036099332 
862668036099191 
862668036082619 
862668035972950 
862668035972653 
862668035965558 
862668035965475 
862668035965459 
862668035954099 
862668035940353 
862668035940338 
862668035925099 
862668035919258 
862668035919118 
862668035918656 
862668035918599 
862668035853291 
862668035851352 
862668035829952 
862668035767319 
862668035766394 
862668035763052 
862668035760090 
862668035755959 
862668035742031 
862668035721779 
862668035697276 
862668035688374 
862668035688093 
862668035650911 
862668035648410 
862668035636431 
862668035593970 
862668035579151 
862668035487272 
862668035486738 
862668035486654 
862668035484972 
862668035483255 
862668035483131 
862668035472316 
862668035471037 
862668035468991 
862668035456715 
862668035454397 
862668035453258 
862668035391813 
862668035391250 
862668035379552 
862668035376954 
862668035360511 
862668035360396 
862668035359554 
862668035359331 
862668035354258 
862668035292656 
862668035292250 
862668035287557 
862668035283879 
862668035271536 
862668035270850 
862668035268417 
862668035265652 
862668035264994 
862668035264614 
862668035261297 
862668035260711 
862668035252999 
862668035233197 
862668035230979 
862668035101519 
862668035100073 
862668035096552 
862668035042358 
862668034030636 
862668034030537 
862668034030511 
862668034030354 
862668034027954 
862668034027939 
862668034027574 
862668034025693 
862668034025271 
862668034022955 
862668033978959 
862668033976458 
862668033975898 
862668033966376 
862668039854352 
862668039831251 
862668039778510 
862668039778213 
862668039762738 
862668039737714 
862668039672952 
862668039669214 
862668039657474 
862668039647210 
862668039646378 
862668039633731 
862668039579777 
862668039535738 
862668039501219 
862668039441994 
862668039398418 
862668039354213 
862668039336772 
862668039330338 
862668039330296 
862668039288593 
862668039269692 
862668039263752 
862668039249876 
862668039196010 
862668039195996 
862668039195632 
862668039113775 
862668039064416 
862668039038337 
862668039038196 
862668039001236 
862668039001095 
862668039000436 
862668038959012 
862668038958097 
862668038957875 
862668038918133 
862668038898178 
862668038898137 
862668038863552 
862668038862513 
862668038861432 
862668038861416 
862668038861218 
862668038845856 
862668038845153 
862668038844214 
862668038844172 
862668038819091 
862668038818390 
862668038768116 
862668038711298 
862668038697539 
862668038697299 
862668038697257 
862668038696697 
862668038690559 
862668038688330 
862668038681772 
862668038677192 
862668038654258 
862668038652179 
862668038623196 
862668038620770 
862668038618097 
862668038617933 
862668038617610 
862668038616471 
862668038609930 
862668038606795 
862668038549490 
862668038549359 
862668038549219 
862668038539632 
862668038523859 
862668038523792 
862668038523214 
862668038522679 
862668038521655 
862668038496494 
862668038495934 
862668038494218 
862668038493996 
862668038479516 
862668038444130 
862668038434016 
862668038409836 
862668038350972 
862668038350659 
862668038243854 
862668038235132 
862668038234879 
862668038217114 
862668038217031 
862668038216959 
862668038215951 
862668037969459 
862668037969434 
862668037969236 
862668037968873 
862668037968071 
862668037961076 
862668037960177 
862668037958759 
862668037952059 
862668037946234 
862668037946176 
862668037939510 
862668037938553 
862668037938413 
862668037931459 
862668037931418 
862668037901015 
862668037900959 
862668037897551 
862668037896090 
862668037895977 
862668037895738 
862668037895134 
862668037864478 
862668037863272 
862668037862779 
862668037846772 
862668037845998 
862668037845378 
862668037845337 
862668037844751 
862668037844512 
862668037843993 
862668037833713 
862668037831618 
862668037831576 
862668037830891 
862668037830875 
862668037830578 
862668037830032 
862668037829497 
862668037828416 
862668037828390 
862668037828259 
862668037826832 
862668037826733 
862668037826576 
862668037657898 
862668037657518 
862668037656619 
862668037656478 
862668037638070 
862668037628733 
862668037625515 
862668037614915 
862668037585354 
862668037585198 
862668037571255 
862668037570737 
862668037569614 
862668037551257 
862668037534592 
862668037523512 
862668037523298 
862668037487759 
862668037487734 
862668037470110 
862668037426070 
862668037424794 
862668037424133 
862668037346138 
862668037343895 
862668037341451 
862668037307890 
862668037307858 
862668037292233 
862668037291839 
862668037263739 
862668037263614 
862668037251874 
862668037251353 
862668037250710 
862668037197952 
862668037183473 
862668037182699 
862668037176139 
862668037032290 
862668037032233 
862668037030211 
862668037028231 
862668037027779 
862668037026615 
862668037026490 
862668037022218 
862668037021954 
862668037012011 
862668036854314 
862668036837855 
862668036837715 
862668036781418 
862668036781178 
862668036506211 
862668036503333 
862668036363134 
862668036363118 
862668036362094 
862668036345057 
862668036343839 
862668036326438 
862668036325471 
862668036285352 
862668036284371 
862668036247592 
862668036203033 
862668036185750 
862668036183375 
862668036183219 
862668036100270 
862668036082692 
862668036077817 
862668035972851 
862668035925073 
862668035918771 
862668035917856 
862668035853416 
862668035767855 
862668035767350 
862668035763458 
862668035762617 
862668035760215 
862668035759456 
862668035757112 
862668035756775 
862668035722231 
862668035722215 
862668035722157 
862668035660613 
862668035650937 
862668035648337 
862668035636498 
862668035593871 
862668035593293 
862668035579235 
862668035579193 
862668035579177 
862668035575779 
862668035537050 
862668035535278 
862668035534693 
862668035487231 
862668035472670 
862668035472274 
862668035471094 
862668035469098 
862668035456657 
862668035453191 
862668035452979 
862668035452854 
862668035379255 
862668035377093 
862668035376558 
862668035360537 
862668035355875 
862668035292235 
862668035289173 
862668035269571 
862668035269555 
862668035261313 
862668035253872 
862668035253419 
862668035233130 
862668035198838 
862668035198630 
862668035198572 
862668035181735 
862668034166851 
862668034027897 
862668034027871 
862668034027715 
862668034027533 
862668034025792 
862668034025719 
862668033997116 
862668033992034 
862668033978470 
862668033978355 
862668039943817 
862668039837738 
862668039831558 
862668039831236 
862668039818738 
862668039794434 
862668039793758 
862668039778635 
862668039778312 
862668039777835 
862668039776837 
862668039775631 
862668039763058 
862668039762951 
862668039760732 
862668039710018 
862668039674131 
862668039668018 
862668039660239 
862668039659314 
862668039658993 
862668039658670 
862668039658092 
862668039657458 
862668039657219 
862668039644118 
862668039644092 
862668039633871 
862668039632097 
862668039631891 
862668039630612 
862668039613774 
862668039613436 
862668039606414 
862668039600896 
862668039589933 
862668039586756 
862668039580379 
862668039569315 
862668039525978 
862668039525838 
862668039468153 
862668039408571 
862668039355913 
862668039354858 
862668039337291 
862668039334173 
862668039330312 
862668039327474 
862668039310496 
862668039309613 
862668039273538 
862668039269411 
862668039269130 
862668039268314 
862668039263893 
862668039263851 
862668039257291 
862668039250650 
862668039250411 
862668039229076 
862668039175576 
862668039113957 
862668039113551 
862668039072815 
862668039064655 
862668039064598 
862668039064192 
862668039001335 
862668039000790 
862668038944196 
862668038928272 
862668038927910 
862668038926656 
862668038926599 
862668038921756 
862668038920493 
862668038863479 
862668038862851 
862668038862372 
862668038862315 
862668038861911 
862668038861275 
862668038861176 
862668038861119 
862668038860855 
862668038860814 
862668038860731 
862668038846797 
862668038846417 
862668038846037 
862668038844636 
862668038844453 
862668038844438 
862668038844313 
862668038842291 
862668038821691 
862668038821238 
862668038818994 
862668038765070 
862668038737830 
862668038734134 
862668038719317 
862668038711736 
862668038711512 
862668038708013 
862668038707197 
862668038705597 
862668038705217 
862668038703196 
862668038698297 
862668038696812 
862668038693678 
862668038690732 
862668038690716 
862668038688173 
862668038687191 
862668038686995 
862668038686979 
862668038686839 
862668038686516 
862668038654191 
862668038650512 
862668038646478 
862668038645975 
862668038630811 
862668038628559 
862668038620556 
862668038618477 
862668038617214 
862668038550233 
862668038532330 
862668038528437 
862668038527298 
862668038523255 
862668038522711 
862668038522356 
862668038522257 
862668038522232 
862668038503810 
862668038496510 
862668038495678 
862668038495611 
862668038493970 
862668038493715 
862668038492857 
862668038446119 
862668038434271 
862668038416013 
862668038408432 
862668038351152 
862668038350857 
862668038350790 
862668038350774 
862668038336153 
862668038336013 
862668038262250 
862668038260619 
862668038255650 
862668038245552 
862668038244290 
862668038217171 
862668038217015 
862668038216736 
862668038216579 
862668038216470 
862668038216298 
862668038216231 
862668038216199 
862668038216116 
862668038215639 
862668038215316 
862668037970390 
862668037969335 
862668037967859 
862668037967412 
862668037960854 
862668037958551 
862668037958312 
862668037954337 
862668037945954 
862668037945913 
862668037938793 
862668037938736 
862668037938694 
862668037938496 
862668037932119 
862668037931897 
862668037931574 
862668037931491 
862668037931434 
862668037931277 
862668037895910 
862668037895811 
862668037895779 
862668037895399 
862668037862654 
862668037862472 
862668037862456 
862668037847077 
862668037846855 
862668037845956 
862668037845774 
862668037844850 
862668037843738 
862668037843712 
862668037843670 
862668037834935 
862668037834430 
862668037834414 
862668037833333 
862668037831196 
862668037831154 
862668037830974 
862668037830917 
862668037830677 
862668037830057 
862668037829695 
862668037828952 
862668037828317 
862668037827897 
862668037827459 
862668037827210 
862668037827152 
862668037826717 
862668037665875 
862668037657856 
862668037657773 
862668037657633 
862668037656734 
862668037656593 
862668037656130 
862668037656072 
862668037655793 
862668037638278 
862668037637577 
862668037637353 
862668037628634 
862668037625499 
862668037602639 
862668037602597 
862668037586790 
862668037586477 
862668037585891 
862668037584811 
862668037568731 
862668037567899 
862668037552032 
862668037551935 
862668037551554 
862668037551174 
862668037550390 
862668037488799 
862668037486678 
862668037470359 
862668037469815 
862668037469690 
862668037424950 
862668037424315 
862668037424216 
862668037423978 
862668037390730 
862668037388031 
862668037348977 
862668037347573 
862668037347516 
862668037346674 
862668037346294 
862668037341295 
862668037332492 
862668037307973 
862668037306371 
862668037272771 
862668037264976 
862668037264950 
862668037264919 
862668037264471 
862668037262053 
862668037252039 
862668037251775 
862668037201515 
862668037200590 
862668037197077 
862668037176238 
862668037061877 
862668037030534 
862668037021970 
862668037013175 
862668037011997 
862668037011971 
862668037011815 
862668036781293 
862668036506096 
862668036389337 
862668036389295 
862668036365972 
862668036362235 
862668036362011 
862668036345438 
862668036345370 
862668036345313 
862668036343995 
862668036343870 
862668036343813 
862668036326495 
862668036324599 
862668036324417 
862668036322379 
862668036303874 
862668036302975 
862668036301779 
862668036285014 
862668036284934 
862668036268895 
862668036248590 
862668036247790 
862668036223932 
862668036185610 
862668036169457 
862668036169416 
862668036099514 
862668036074897 
862668035972976 
862668035966911 
862668035966838 
862668035954214 
862668035953596 
862668035889972 
862668035889030 
862668035888974 
862668035877472 
862668035829978 
862668035765552 
862668035757153 
862668035745356 
862668035744136 
862668035742338 
862668035660753 
862668035660290 
862668035650630 
862668035650614 
862668035647735 
862668035647354 
862668035636878 
862668035593830 
862668035579730 
862668035538637 
862668035534453 
862668035520635 
862668035504472 
862668035503839 
862668035502955 
862668035485094 
862668035485037 
862668035484998 
862668035484659 
862668035483230 
862668035482919 
862668035472977 
862668035469536 
862668035458679 
862668035392019 
862668035360479 
862668035355594 
862668035292672 
862668035292037 
862668035287573 
862668035287375 
862668035283978 
862668035268730 
862668035255430 
862668035253856 
862668035253393 
862668035253179 
862668035253070 
862668035253054 
862668035252858 
862668035252817 
862668035230912 
862668035182113 
862668034027830 
862668034025073 
862668034023359 
862668034021130 
862668034021098 
862668033977670 
862668033976433 
862668039973954 
862668039959797 
862668039959714 
862668039959375 
862668039943734 
862668039900619 
862668039887659 
862668039887196 
862668039886958 
862668039886891 
862668039866950 
862668039840195 
862668039837753 
862668039837597 
862668039818712 
862668039741534 
862668039737516 
862668039734471 
862668039711313 
862668039709853 
862668039671954 
862668039669255 
862668039658639 
862668039657250 
862668039657037 
862668039647731 
862668039640751 
862668039637898 
862668039611513 
862668039590931 
862668039575775 
862668039535159 
862668039501755 
862668039501730 
862668039400891 
862668039355251 
862668039353991 
862668039338398 
862668039338331 
862668039337994 
862668039337978 
862668039337333 
862668039334892 
862668039334355 
862668039329876 
862668039327656 
862668039326872 
862668039324612 
862668039311312 
862668039310033 
862668039287793 
862668039287710 
862668039273157 
862668039269916 
862668039269874 
862668039264172 
862668039264073 
862668039263836 
862668039263810 
862668039263711 
862668039250775 
862668039250692 
862668039249512 
862668039229035 
862668039228631 
862668039228474 
862668039228433 
862668039195798 
862668039184297 
862668039182333 
862668039115838 
862668039113932 
862668039112579 
862668039112439 
862668039064911 
862668039038451 
862668039038436 
862668039037958 
862668039037859 
862668039037735 
862668039000857 
862668038944378 
862668038928090 
862668038927514 
862668038920899 
862668038919412 
862668038898095 
862668038897972 
862668038897873 
862668038864113 
862668038863396 
862668038863354 
862668038862638 
862668038862455 
862668038862232 
862668038862059 
862668038846052 
862668038822590 
862668038821873 
862668038819117 
862668038819075 
862668038818713 
862668038765054 
862668038722253 
862668038717675 
862668038712296 
862668038712239 
862668038712155 
862668038711876 
862668038709854 
862668038707536 
862668038707494 
862668038705951 
862668038705894 
862668038704772 
862668038701497 
862668038699097 
862668038698479 
862668038696937 
862668038696739 
862668038693819 
862668038693595 
862668038690153 
862668038689932 
862668038688397 
862668038687373 
862668038686813 
862668038685518 
862668038685294 
862668038684271 
862668038681558 
862668038676970 
862668038657137 
862668038654159 
862668038654118 
862668038651270 
862668038644499 
862668038636537 
862668038631413 
862668038621158 
862668038618154 
862668038616497 
862668038616117 
862668038606753 
862668038604410 
862668038548310 
862668038547650 
862668038540515 
862668038540457 
862668038534872 
862668038528973 
862668038528635 
862668038528619 
862668038526456 
862668038522190 
862668038521630 
862668038521432 
862668038521192 
862668038503851 
862668038503612 
862668038503117 
862668038503034 
862668038501855 
862668038495835 
862668038495017 
862668038493095 
862668038491610 
862668038443710 
862668038433976 
862668038433513 
862668038430774 
862668038430634 
862668038430618 
862668038336179 
862668038299492 
862668038298437 
862668038258811 
862668038252350 
862668038252079 
862668038248291 
862668038242971 
862668038234119 
862668038217718 
862668038217635 
862668038217619 
862668038217494 
862668038217072 
862668038157039 
862668038060555 
862668038058419 
862668038004314 
862668037970176 
862668037969277 
862668037969251 
862668037968576 
862668037968097 
862668037967875 
862668037961035 
862668037960136 
862668037957819 
862668037954113 
862668037945897 
862668037938538 
862668037938470 
862668037938439 
862668037932135 
862668037931814 
862668037931319 
862668037931236 
862668037900991 
862668037897593 
862668037896397 
862668037896199 
862668037896058 
862668037896017 
862668037895993 
862668037895852 
862668037895712 
862668037865616 
862668037847192 
862668037846756 
862668037845410 
862668037843894 
862668037843852 
862668037843811 
862668037843613 
862668037834372 
862668037834331 
862668037834216 
862668037833390 
862668037830818 
862668037828457 
862668037828358 
862668037827871 
862668037827855 
862668037827533 
862668037826659 
862668037656338 
862668037656114 
862668037656098 
862668037655777 
862668037638310 
862668037637932 
862668037625416 
862668037615235 
862668037602670 
862668037586857 
862668037586675 
862668037585131 
862668037585032 
862668037570935 
862668037570596 
862668037570356 
862668037552073 
862668037549590 
862668037533479 
862668037523793 
862668037489813 
862668037488351 
862668037488252 
862668037488237 
862668037488112 
862668037487437 
862668037487197 
862668037470193 
862668037470151 
862668037425312 
862668037424877 
862668037390698 
862668037390656 
862668037390375 
862668037347714 
862668037346435 
862668037346336 
862668037345999 
862668037345833 
862668037341535 
862668037339737 
862668037308153 
862668037291672 
862668037290773 
862668037273696 
862668037273316 
862668037273076 
862668037264695 
862668037264455 
862668037263994 
862668037261816 
862668037252575 
862668037252393 
862668037216737 
862668037216570 
862668037216471 
862668037198430 
862668037183598 
862668037180479 
862668037176097 
862668037176030 
862668037176014 
862668037031813 
862668037031573 
862668037030872 
862668037030435 
862668037029916 
862668037028314 
862668037027076 
862668037026771 
862668037026656 
862668037026599 
862668037025112 
862668037013050 
862668037012615 
862668037011914 
862668036782630 
862668036363670 
862668036344837 
862668036344332 
862668036344274 
862668036325273 
862668036324912 
862668036304716 
862668036302892 
862668036301936 
862668036295674 
862668036285774 
862668036285691 
862668036284298 
862668036268374 
862668036268291 
862668036268192 
862668036248137 
862668036247535 
862668036247352 
862668036247295 
862668036211150 
862668036200872 
862668036186196 
862668036185834 
862668036185651 
862668036185099 
862668036185016 
862668036184993 
862668036183391 
862668036183177 
862668036167675 
862668036082635 
862668036082338 
862668036077551 
862668036077494 
862668035967034 
862668035965434 
862668035965319 
862668035940270 
862668035919290 
862668035918359 
862668035829937 
862668035767459 
862668035767434 
862668035757492 
862668035756858 
862668035756452 
862668035756270 
862668035743476 
862668035722090 
862668035688317 
862668035688192 
862668035651497 
862668035651356 
862668035650697 
862668035650655 
862668035648071 
862668035636258 
862668035636233 
862668035579599 
862668035575977 
862668035575811 
862668035533752 
862668035504357 
862668035502914 
862668035486514 
862668035486472 
862668035485532 
862668035458216 
862668035453175 
862668035453076 
862668035452995 
862668035392258 
862668035381939 
862668035379974 
862668035379958 
862668035358135 
862668035339333 
862668035292292 
862668035270231 
862668035269530 
862668035266197 
862668035266171 
862668035260430 
862668035254193 
862668035253930 
862668035252957 
862668035213991 
862668035213934 
862668034030610 
862668034027590 
862668034025214 
862668034025198 
862668034025057 
862668034023078 
862668034021015 
862668034020991 
862668034020975 
862668034017716 
862668033991333 
862668030111331 
862668039974234 
862668039898276 
862668039887576 
862668039886131 
862668039867016 
862668039861159 
862668039839759 
862668039831699 
862668039818753 
862668039817334 
862668039794491 
862668039793451 
862668039778353 
862668039771259 
862668039770574 
862668039762910 
862668039760856 
862668039674032 
862668039666012 
862668039658977 
862668039658613 
862668039658274 
862668039657870 
862668039657573 
862668039657359 
862668039651576 
862668039651378 
862668039647772 
862668039644514 
862668039641759 
862668039640298 
862668039637831 
862668039631313 
862668039628897 
862668039627659 
862668039627378 
862668039613451 
862668039611554 
862668039600672 
862668039582573 
862668039533436 
862668039500435 
862668039441879 
862668039441754 
862668039356135 
862668039337952 
862668039336657 
862668039336616 
862668039334876 
862668039334272 
862668039311338 
862668039310330 
862668039309159 
862668039308599 
862668039289112 
862668039270211 
862668039269379 
862668039268579 
862668039264131 
862668039263778 
862668039250817 
862668039249470 
862668039182374 
862668039114351 
862668039114039 
862668039113890 
862668039112611 
862668039064671 
862668039038576 
862668038945417 
862668038943891 
862668038943792 
862668038898376 
862668038889953 
862668038889557 
862668038864253 
862668038864212 
862668038863974 
862668038863750 
862668038863537 
862668038863453 
862668038862976 
862668038862679 
862668038862471 
862668038862331 
862668038862273 
862668038862257 
862668038862174 
862668038861374 
862668038860657 
862668038844115 
862668038844099 
862668038821295 
862668038719234 
862668038711835 
862668038711371 
862668038711256 
862668038707791 
862668038705456 
862668038698354 
862668038695939 
862668038694155 
862668038690534 
862668038686474 
862668038686151 
862668038685419 
862668038677176 
862668038654274 
862668038653797 
862668038651353 
862668038651296 
862668038629359 
862668038618139 
862668038617271 
862668038616091 
862668038571130 
862668038528056 
862668038523396 
862668038521770 
862668038503570 
862668038503455 
862668038503059 
862668038500972 
862668038496759 
862668038496015 
862668038494259 
862668038494234 
862668038494077 
862668038493798 
862668038492055 
862668038483153 
862668038444619 
862668038442456 
862668038350816 
862668038350717 
862668038336096 
862668038299450 
862668038299377 
862668038298817 
862668038298593 
862668038262151 
862668038253192 
862668038253176 
862668038251998 
862668038244159 
862668038243995 
862668038216397 
862668038216355 
862668038215779 
862668038104056 
862668038005477 
862668037970499 
862668037970077 
862668037970051 
862668037968238 
862668037961118 
862668037960995 
862668037960938 
862668037960250 
862668037958494 
862668037958338 
862668037957892 
862668037957835 
862668037957793 
862668037954378 
862668037954097 
862668037954014 
862668037953917 
862668037945939 
862668037939114 
862668037938512 
862668037897536 
862668037895415 
862668037864833 
862668037862613 
862668037862431 
862668037847176 
862668037846830 
862668037845816 
862668037845758 
862668037844934 
862668037844918 
862668037844892 
862668037844090 
862668037843951 
862668037843837 
862668037843779 
862668037833879 
862668037831055 
862668037830073 
862668037828937 
862668037828895 
862668037826618 
862668037667475 
862668037656551 
862668037656155 
862668037655579 
862668037637916 
862668037637593 
862668037637494 
862668037637452 
862668037625556 
862668037625531 
862668037625457 
862668037625333 
862668037615219 
862668037615177 
862668037570711 
862668037570612 
862668037569572 
862668037568590 
862668037552016 
862668037551778 
862668037551091 
862668037549939 
862668037549210 
862668037534014 
862668037533339 
862668037518256 
862668037518173 
862668037517894 
862668037489417 
862668037487718 
862668037487270 
862668037486652 
862668037470078 
862668037424810 
862668037424695 
862668037390599 
862668037390359 
862668037390250 
862668037349090 
862668037348993 
862668037347912 
862668037347896 
862668037347839 
862668037347771 
862668037347755 
862668037347532 
862668037344091 
862668037341873 
862668037341857 
862668037341774 
862668037341576 
862668037341311 
862668037341212 
862668037308336 
862668037306173 
862668037291318 
862668037291219 
862668037274512 
862668037273910 
862668037273894 
862668037262319 
862668037261832 
862668037252534 
862668037252377 
862668037252336 
862668037244671 
862668037216935 
862668037216778 
862668037201457 
862668037201432 
862668037201150 
862668037197911 
862668037183515 
862668037175719 
862668037028371 
862668037027878 
862668037027316 
862668037026474 
862668037025153 
862668037024891 
862668037015170 
862668037012375 
862668037012177 
862668037012094 
862668037011930 
862668037011658 
862668037011294 
862668036345032 
862668036344498 
862668036326818 
862668036326412 
862668036325570 
862668036325554 
862668036324896 
862668036305119 
862668036304633 
862668036285717 
862668036285618 
862668036284918 
862668036284892 
862668036284397 
862668036276617 
862668036248558 
862668036186295 
862668036167691 
862668036100312 
862668036100130 
862668036099977 
862668036078336 
862668035967018 
862668035965194 
862668035919175 
862668035918458 
862668035918433 
862668035917831 
862668035908079 
862668035851659 
862668035851212 
862668035830034 
862668035829879 
862668035829655 
862668035768671 
862668035765511 
862668035763037 
862668035762450 
862668035760272 
862668035760256 
862668035758797 
862668035757419 
862668035757237 
862668035743252 
862668035743237 
862668035721753 
862668035695734 
862668035688457 
862668035660472 
862668035659979 
862668035659672 
862668035649137 
862668035648113 
862668035637116 
862668035637090 
862668035637074 
862668035593855 
862668035580233 
862668035579870 
862668035579839 
862668035576611 
862668035520577 
862668035501874 
862668035486597 
862668035486498 
862668035484675 
862668035472878 
862668035472795 
862668035458471 
862668035454454 
862668035292615 
862668035292557 
862668035287136 
862668035269431 
862668035265678 
862668035255679 
862668035254219 
862668035231159 
862668035213975 
862668035182170 
862668034025131 
862668033999096 
862668039982070 
862668039897195 
862668039887550 
862668039887238 
862668039886396 
862668039854618 
862668039854592 
862668039854576 
862668039853016 
862668039816831 
862668039816773 
862668039794293 
862668039787370 
862668039786778 
862668039778395 
862668039777819 
862668039777736 
862668039770657 
862668039770376 
862668039770152 
862668039765350 
862668039737573 
862668039697579 
862668039692570 
862668039692174 
862668039680476 
862668039676938 
862668039661591 
862668039660213 
862668039659934 
862668039659553 
862668039659033 
862668039658555 
862668039658332 
862668039657912 
862668039657391 
862668039651592 
862668039651410 
862668039651279 
862668039651071 
862668039647319 
862668039644753 
862668039644159 
862668039641692 
862668039637872 
862668039634390 
862668039634317 
862668039633772 
862668039633251 
862668039630455 
862668039610895 
862668039609996 
862668039604559 
862668039604153 
862668039601159 
862668039596755 
862668039580478 
862668039536397 
862668039523775 
862668039475091 
862668039468575 
862668039467874 
862668039441978 
862668039441937 
862668039401030 
862668039354254 
862668039338570 
862668039338430 
862668039338117 
862668039336699 
862668039334371 
862668039327896 
862668039327771 
862668039327177 
862668039327037 
862668039326914 
862668039309035 
862668039290375 
862668039290037 
862668039273975 
862668039273090 
862668039270252 
862668039270237 
862668039270096 
862668039269817 
862668039269510 
862668039269437 
862668039269031 
862668039268637 
862668039263919 
862668039263471 
862668039256319 
862668039250114 
862668039249496 
862668039249231 
862668039228557 
862668039195673 
862668039184875 
862668039182457 
862668039182416 
862668039112637 
862668039112553 
862668039064713 
862668039038535 
862668039038030 
862668039037933 
862668038958618 
862668038957891 
862668038927811 
862668038927159 
862668038922077 
862668038920279 
862668038915972 
862668038915634 
862668038898277 
862668038889995 
862668038889912 
862668038864097 
862668038863156 
862668038862893 
862668038862737 
862668038862711 
862668038862570 
862668038862133 
862668038862075 
862668038861739 
862668038768199 
862668038735594 
862668038735131 
862668038734951 
862668038734415 
862668038734118 
862668038718897 
862668038718798 
862668038712213 
862668038711017 
862668038709615 
862668038709599 
862668038709235 
862668038708112 
862668038705910 
862668038703097 
862668038699170 
862668038697976 
862668038697935 
862668038696598 
862668038694254 
862668038692456 
862668038690435 
862668038690211 
862668038686532 
862668038654738 
862668038654316 
862668038653979 
862668038653755 
862668038636438 
862668038629110 
862668038618576 
862668038618436 
862668038617693 
862668038617578 
862668038609294 
862668038559598 
862668038549458 
862668038548971 
862668038548872 
862668038533031 
862668038530953 
862668038530276 
862668038530235 
862668038526712 
862668038523818 
862668038523313 
862668038521994 
862668038521259 
862668038519279 
862668038503653 
862668038503638 
862668038503430 
862668038502952 
862668038502630 
862668038501152 
862668038498177 
862668038496932 
862668038496692 
862668038496452 
862668038495777 
862668038494556 
862668038494010 
862668038493137 
862668038492279 
862668038491933 
862668038491719 
862668038490935 
862668038484110 
862668038483096 
862668038444676 
862668038444395 
862668038443512 
862668038443439 
862668038434396 
862668038433414 
862668038350535 
862668038350071 
862668038350014 
862668038336393 
862668038336195 
862668038299153 
862668038298916 
862668038298833 
862668038260775 
862668038260734 
862668038260676 
862668038251550 
862668038249513 
862668038249059 
862668038247897 
862668038234473 
862668038215936 
862668038215613 
862668038215472 
862668038215332 
862668038207917 
862668038108776 
862668037970754 
862668037970457 
862668037970291 
862668037970275 
862668037970259 
862668037970093 
862668037969954 
862668037969319 
862668037968998 
862668037968691 
862668037968634 
862668037968030 
862668037960870 
862668037960193 
862668037957975 
862668037943017 
862668037942977 
862668037942779 
862668037942738 
862668037942498 
862668037938454 
862668037931996 
862668037931830 
862668037931798 
862668037931251 
862668037862639 
862668037862530 
862668037847150 
862668037845857 
862668037845691 
862668037845436 
862668037845295 
862668037844637 
862668037844611 
862668037844272 
862668037844215 
862668037843977 
862668037837912 
862668037834356 
862668037833911 
862668037833895 
862668037833374 
862668037831410 
862668037831238 
862668037831170 
862668037830719 
862668037830651 
862668037830636 
862668037829398 
862668037829372 
862668037828911 
862668037828333 
862668037828218 
862668037828010 
862668037667434 
862668037657955 
862668037657294 
862668037656411 
862668037656031 
