863857032038738 
863857032038530 
863857032038118 
863998039120184 
863998039119723 
863998039117503 
863998039070140 
863998039070025 
863998039069985 
863998039049961 
863998039027983 
863998038279163 
863998038272903 
863998038270469 
863998038268364 
863998038267101 
863998038267085 
863998038267044 
863998038266665 
863998038265865 
863998038265808 
863998038263720 
863998038236726 
863998038235306 
863998038235223 
863998038124807 
863998038123007 
863998038122744 
863998035823120 
863998035821322 
863998035816447 
863998035793646 
863998035787986 
863998035598946 
863998035597344 
863998035065649 
863998034996182 
863998034996083 
863998034996026 
863998034995242 
863998034994401 
863998034988726 
863998034987066 
863998034986423 
863998034986381 
863998033141764 
863998033141566 
863998033140543 
863998033140386 
863998030605886 
863998030539168 
863857039917959 
863857039188551 
863857039188395 
863857039184717 
863857039173355 
863857039173215 
863857039172613 
863857039172357 
863857039172332 
863857039172175 
863857039154538 
863857038632336 
863857038630272 
863857038578794 
863857038578737 
863857038572391 
863857038563572 
863857038563556 
863857038563457 
863857038468111 
863857038451430 
863857038371992 
863857038249792 
863857038248711 
863857038248075 
863857037865770 
863857037650651 
863857037650578 
863857037650537 
863857037650511 
863857037650297 
863857037648937 
863857037647913 
863857037646618 
863857037646576 
863857037646378 
863857037641015 
863857037487351 
863857037486411 
863857037484796 
863857037484135 
863857037370094 
863857037350799 
863857037348876 
863857037348835 
863857037348314 
863857037237699 
863857036777653 
863857036769817 
863857036769775 
863857036769718 
863857036744216 
863857036742517 
863857036741790 
863857036739257 
863857036738358 
863857036738218 
863857036692290 
863857036558012 
863857036557634 
863857036556552 
863857036550712 
863857036544491 
863857036544194 
863857036544111 
863857036544095 
863857036544079 
863857036544053 
863857036442993 
863857036442373 
863857036439635 
863857036433414 
863857036433356 
863857036432978 
863857036432598 
863857036432515 
863857036427796 
863857036049996 
863857036049350 
863857036048535 
863857035401198 
863857034399732 
863857034314376 
863857034312073 
863857032627712 
863857032627639 
863857032626896 
863857032625831 
863857032625658 
863857032625575 
863857032624578 
863857032624339 
863738039955951 
863738039942116 
863738039938478 
863738039937116 
863738039934675 
863738039931291 
863738039930954 
863738039922993 
863738039917191 
863738039915716 
863738039913190 
863738039912937 
863738039912911 
863738039839775 
863738039839296 
863738039827697 
863738039803037 
863738039800595 
863738039800157 
863738039789459 
863738038386513 
863738038385473 
863738038384831 
863738038384815 
863738038384773 
863738038294816 
863738036778943 
863738036691708 
863738036691526 
863738036691286 
863738036690049 
863738036689322 
863738036687748 
863738036687508 
863738036685601 
863738035588780 
863738035315481 
863738034028242 
863738034025362 
863738033921066 
863738033920845 
863738033752966 
863738031929665 
863738031184873 
863738031121859 
863738031121750 
863738031065494 
863738031065353 
863738031065338 
863738031026595 
863738031026157 
863738030957238 
863738030754254 
863738030556493 
863738030547492 
863738030546874 
863738030502208 
863738030500905 
863738030500889 
863738030492780 
863738030492582 
863738030474069 
863738030268867 
863738030216148 
863738030192026 
863738030096680 
863738030096581 
863707039907718 
863707039860214 
863707039665514 
863707039465931 
863707038192031 
863707038190456 
863707036416952 
863707036379812 
863707036379754 
863707036368492 
863707035986716 
863707035972054 
863707035939731 
863707035939616 
863707035883970 
863707034886370 
863707034884631 
863707034884474 
863707034857736 
863707034809133 
863707034369831 
863707034369773 
863707034369252 
863707034368775 
863707034259594 
863707034259214 
863707034258414 
863707034079596 
863707034073599 
863707033999638 
863707033951076 
863707033906435 
863707033904455 
863707033903937 
863707033903572 
863707033864253 
863707033768892 
863707033768850 
863707033763158 
863707033762432 
863707033760253 
863707033759214 
863707033759115 
863707033748654 
863707033747656 
863707033747094 
863707033746856 
863707033746435 
863707033746013 
863707033745759 
863707033744570 
863707033733656 
863707033729530 
863707033322070 
863707033300514 
863707033298932 
863707033283231 
863707033281193 
863707033280930 
863707033250594 
863707033250131 
863707032220390 
863707031608827 
863707031604388 
863662039998037 
863662039997997 
863662039994135 
863662039993251 
863662039993137 
863662039992816 
863662039992394 
863662039958494 
863662039918597 
863662039916252 
863662039912970 
863662039906139 
863662039838597 
863662039837433 
863662039837334 
863662039836211 
863662039677573 
863662039655876 
863662039655850 
863662039654911 
863662039654374 
863662039651719 
863662039651693 
863662039651677 
863662039651636 
863662039651297 
863662039651230 
863662039651214 
863662039651198 
863662039646776 
863662039638559 
863662039636454 
863662039627297 
863662039624377 
863662039622959 
863662039601318 
863662039599454 
863662039593051 
863662039590750 
863662039563617 
863662039481430 
863662039481398 
863662039481372 
863662039481356 
863662039481315 
863662039481257 
863662039481190 
863662039481174 
863662039476430 
863662039476315 
863662039475416 
863662039475390 
863662039475051 
863662039474534 
863662039474492 
863662039473775 
863662039473759 
863662039473718 
863662039473619 
863662039473452 
863662039473437 
863662039473395 
863662039468296 
863662039412534 
863662039186393 
863662039185692 
863662039184356 
863662039182897 
863662039163350 
863662039159812 
863662038675891 
863662038411016 
863662038410679 
863662038410356 
863662038408434 
863662038407691 
863662038392315 
863662038338417 
863662038059153 
863662037923094 
863662037895391 
863662036256371 
863662036253691 
863662036174871 
863662036174194 
863662036173774 
863662036128638 
863662036128232 
863662035518771 
863662035518532 
863662035515736 
863662035327611 
863662035303653 
863662035303257 
863662035298697 
863662035298432 
863662035298291 
863662035297715 
863662035297517 
863662033323216 
863662032986518 
863662032976311 
863662032976279 
863662032976055 
863662032975156 
863662032974993 
863662032729017 
863662032728118 
863662032727573 
863662032461439 
863662032460993 
863662032460514 
863662032105093 
863662031932737 
863662031928859 
863662031927836 
863662031917076 
863662031903878 
863662031877692 
863662031877593 
863662031756672 
863662031125654 
863662030194735 
863662030056496 
863617039916553 
863617039914475 
863617039719874 
863617039716656 
863617039366197 
863617039365850 
863617039269458 
863617039191157 
863617039126211 
863617039125411 
863617039122319 
863617039120594 
863617038980394 
863617038977895 
863617038945033 
863617038943335 
863617038934417 
863617038931777 
863617038925233 
863617038804974 
863617038731599 
863617038707599 
863617038703556 
863617038688492 
863617038683972 
863617038678279 
863617038678196 
863617038383516 
863617038382518 
863617038382054 
863617038380876 
863617038379878 
863617038375975 
863617038354954 
863617038346471 
863617038343296 
863617038343072 
863617038339872 
863617038339492 
863617038339179 
863617038338411 
863617038336019 
863617038330491 
863617038330475 
863617038327794 
863617038327778 
863617038327752 
863617038327737 
863617038327711 
863617038327695 
863617038295397 
863617038069875 
863617037879175 
863617037697437 
863617037668172 
863617037665954 
863617037665913 
863617037659395 
863617037658470 
863617037649099 
863617037645071 
863617037055834 
863617037055271 
863617036993357 
863617036805379 
863617036784897 
863617036777859 
863617036640396 
863617036551130 
863617036548953 
863617036548375 
863617036540695 
863617036287479 
863617036117932 
863617035888814 
863617035887451 
863617035735270 
863617035734190 
863617035734059 
863617035732590 
863617035731410 
863617035727392 
863617035725057 
863617035724498 
863617035724415 
863617035721577 
863617035721155 
863617035600714 
863617035579330 
863617035572913 
863617035572111 
863617035569190 
863617035568952 
863617035556833 
863617035552378 
863617035544417 
863617035542734 
863617035539433 
863617035538773 
863617035537130 
863617035534053 
863617035533618 
863617035488318 
863617035487815 
863617035460275 
863617035453452 
863617035449815 
863617035433033 
863617035331732 
863617035330718 
863617035304275 
863617035298170 
863617035289633 
863617035282513 
863617035278859 
863617035253894 
863617035253357 
863617035182176 
863617035126678 
863617035126157 
863617035126017 
863617035125837 
863617035125753 
863617035123196 
863617035122297 
863617035117255 
863617035117131 
863617035117073 
863617035089215 
863617035086633 
863617035085635 
863617035065538 
863617035063434 
863617035025995 
863617035004172 
863617035002556 
863617035002150 
863617035000915 
863617034985355 
863617034971090 
863617034953759 
863617034950953 
863617034947132 
863617034946878 
863617034931730 
863617034910734 
863617034833373 
863617034830973 
863617034797891 
863617034795234 
863617034782190 
863617034781952 
863617034772878 
863617034729613 
863617034720679 
863617034700374 
863617034686052 
863617034657632 
863617034650793 
863617034622339 
863617034621133 
863617034621117 
863617034614856 
863617034613239 
863617034611399 
863617034608171 
863617034586054 
863617034397296 
863617034306834 
863617034282696 
863617034255734 
863617034252798 
863617034252335 
863617034252277 
863617034252251 
863617034250990 
863617034250636 
863617034248671 
863617034248275 
863617034246717 
863617034246352 
863617034235512 
863617034235256 
863617034234119 
863617034234093 
863617034234010 
863617034233897 
863617034233814 
863617034198637 
863617034198579 
863617034198439 
863617034198413 
863617034198397 
863617034198132 
863617034198116 
863617034198090 
863617034198058 
863617034159472 
863617034128634 
863617034119112 
863617034118916 
863617034118874 
863617034118833 
863617034118817 
863617034118791 
863617034118510 
863617034107711 
863617034101136 
863617034094752 
863617034082898 
863617034082138 
863617034082112 
863617034082096 
863617034063831 
863617034063435 
863617034017316 
863617033941599 
863617033915890 
863617033912350 
863617033894939 
863617033887438 
863617033886273 
863617033878296 
863617033874899 
863617033855914 
863617033855898 
863617033842318 
863617033829992 
863617033829158 
863617033828630 
863617033824092 
863617033823896 
863617033822674 
863617033818037 
863617033814978 
863617033803070 
863617033792174 
863617033790475 
863617033752491 
863617033748531 
863617033748119 
863617033736593 
863617033736577 
863617033734036 
863617033733434 
863617033732378 
863617033732113 
863617033732030 
863617033731974 
863617033731958 
863617033731933 
863617033731750 
863617033731479 
863617033731453 
863617033702256 
863617033702231 
863617033702215 
863617033702199 
863617033702173 
863617033646958 
863617033434819 
863617033260032 
863617032993476 
863617032992478 
863617032990092 
863617032989516 
863617032989375 
863617032989359 
863617032940113 
863617032938737 
863617032867712 
863617032801257 
863617032780139 
863617032779370 
863617032778877 
863617032721174 
863617032709971 
863617032709518 
863617032671973 
863617032567379 
863617032566595 
863617032553791 
863617032552975 
863617032545870 
863617032538115 
863617032537190 
863617032534171 
863617032525377 
863617032523596 
863617032523059 
863617032521699 
863617032519735 
863617032518836 
863617032439918 
863617032438779 
863617032438654 
863617032416015 
863617032414531 
863617032393396 
863617032385558 
863617032348358 
863617032347996 
863617032345735 
863617032329812 
863617032329598 
863617032328871 
863617032327436 
863617032327295 
863617032323054 
863617032310671 
863617032310051 
863617032308410 
863617032303890 
863617032299619 
863617032298850 
863617032292275 
863617032289636 
863617032288612 
863617032282391 
863617032257575 
863617032256239 
863617032255470 
863617032252378 
863617032252196 
863617032251776 
863617032250836 
863617032188135 
863617032186915 
863617032186790 
863617032185636 
863617032158237 
863617032133214 
863617031896316 
863617031896191 
863617031857094 
863617031849935 
863617031848911 
863617031848655 
863617031848457 
863617031847954 
863617031793919 
863617031793497 
863617031775114 
863617031774471 
863617031773671 
863617031773416 
863617031773275 
863617031771873 
863617031651695 
863617031650192 
863617031645010 
863617031644971 
863617031598474 
863617031585158 
863617031582437 
863617031528158 
863617031049114 
863617031042051 
863617031041939 
863617031025510 
863617030993379 
863617030789736 
863617030786054 
863617030776972 
863617030776139 
863617030772492 
863617030772377 
863617030611195 
863617030448010 
863617030447079 
863617030444837 
863617030437294 
863617030428178 
863617030383696 
863617030306333 
863617030304619 
863617030303595 
863617030302696 
863617030302654 
863617030281999 
863617030233438 
863617030003450 
863543039859033 
863543039859017 
863543039858993 
863543039858977 
863543039858951 
863543039840538 
863543039840496 
863543039840470 
863543039840454 
863543039840439 
863543039609792 
863543039588533 
863543039571257 
863543039568675 
863543039327098 
863543039319830 
863543039277897 
863543039222273 
863543039221911 
863543038971896 
863543038971250 
863543038808338 
863543038807991 
863543038797358 
863543038773755 
863543038740531 
863543038696790 
863543038683996 
863543038680778 
863543038542317 
863543038427352 
863543038309014 
863543038308610 
863543038305558 
863543038304619 
863543038304395 
863543038300815 
863543038300070 
863543038297375 
863543038180696 
863543038180217 
863543038102492 
863543038102476 
863543038102450 
863543038102435 
863543038081217 
863543038035478 
863543038008954 
863543037996191 
863543037996076 
863543037939852 
863543037938631 
863543037928798 
863543037928731 
863543037906216 
863543037734998 
863543037730574 
863543037722274 
863543037718736 
863543037694739 
863543037693996 
863543037641599 
863543037613119 
863543037610958 
863543037603359 
863543037603235 
863543037603151 
863543037603136 
863543037603110 
863543037602393 
863543037602252 
863543037602211 
863543037601536 
863543037601296 
863543037601239 
863543037599656 
863543037592792 
863543037592735 
863543037591398 
863543037591059 
863543037590390 
863543037590374 
863543037590317 
863543037589590 
863543037589178 
863543037569675 
863543037568115 
863543037566952 
863543037541716 
863543037443038 
863543037440455 
863543037382855 
863543037369233 
863543037311771 
863543037307134 
863543037197717 
863543037197691 
863543037190019 
863543037189979 
863543037186637 
863543037186553 
863543037186454 
863543037143471 
863543037143430 
863543037143398 
863543037143299 
863543037141376 
863543037140998 
863543037140931 
863543037129173 
863543037089054 
863543036960552 
863543036941354 
863543036940810 
863543036889116 
863543036826811 
863543036774094 
863543036292535 
863543036290133 
863543036209950 
863543036183619 
863543036182074 
863543036182033 
863543036059611 
863543036059371 
863543036059157 
863543036057870 
863543036055437 
863543036054638 
863543036053473 
863543036050412 
863543036050354 
863543036050339 
863543036047632 
863543036047392 
863543036047376 
863543036047251 
863543035807192 
863543035806293 
863543035735971 
863543035735955 
863543035735898 
863543035735831 
863543035735815 
863543035735435 
863543035735252 
863543035687677 
863543035647598 
863543035645311 
863543035643795 
863543035530018 
863543035461651 
863543035461396 
863543035460596 
863543035446637 
863543035445431 
863543035444715 
863543035443279 
863543035443014 
863543035441992 
863543035441752 
863543035440739 
863543035440333 
863543035407654 
863543035317572 
863543035305437 
863543035300198 
863543035300115 
863543035298756 
863543035290811 
863543035290753 
863543035290316 
863543035287270 
863543035283253 
863543035279673 
863543035277750 
863543035275978 
863543035273338 
863543035270136 
863543035269955 
863543035264535 
863543035264436 
863543035264279 
863543035262877 
863543035261713 
863543035256390 
863543035255814 
863543035255731 
863543035250757 
863543035195317 
863543035186555 
863543035186472 
863543035183834 
863543035182950 
863543035158737 
863543035153712 
863543035153134 
863543035141733 
863543035141691 
863543035063754 
863543035062251 
863543034980693 
863543034850292 
863543034847637 
863543034700893 
863543034676234 
863543034357652 
863543034356357 
863543034356175 
863543034355292 
863543034355193 
863543034353891 
863543034351895 
863543034350632 
863543034350277 
863543034343694 
863543034343512 
863543034342431 
863543034342035 
863543034177613 
863543034163514 
863543034052998 
863543034035415 
863543034001839 
863543033766010 
863543033757472 
863543033688578 
863543033679692 
863543033678496 
863543033670832 
863543033670170 
863543033669552 
863543033370755 
863543033370276 
863543033342234 
863543033340436 
863543033340410 
863543033337838 
863543033326716 
863543033322459 
863543033297495 
863543033297172 
863543033297131 
863543033289476 
863543033182630 
863543033182614 
863543033170353 
863543033152518 
863543033152377 
863543033143731 
863543033135133 
863543033133930 
863543033127494 
863543033127395 
863543033122990 
863543033103339 
863543033102695 
863543033101192 
863543033098372 
863543033097093 
863543033076931 
863543033072757 
863543033072716 
863543033072690 
863543033070975 
863543033070934 
863543033069613 
863543033069555 
863543033069530 
863543033069373 
863543033069092 
863543033066437 
863543033046892 
863543033027132 
863543033003679 
863543032999992 
863543032908894 
863543032902574 
863543032899713 
863543032897071 
863543032890951 
863543032890670 
863543032727492 
863543032727294 
863543032725710 
863543032502598 
863543032372679 
863543032372497 
863543032372430 
863543032369915 
863543032367992 
863543032367976 
863543032367950 
863543032367935 
863543032367893 
863543032365277 
863543032342698 
863543032342631 
863543032342615 
863543032342599 
863543032340437 
863543032192895 
863543032173432 
863543032173135 
863543032160298 
863543032081874 
863543032052230 
863543032041274 
863543031995272 
863543031950434 
863543031713535 
863543031713113 
863543031713014 
863543031710234 
863543031653335 
863543031652618 
863543031652592 
863543031643039 
863543031328417 
863543031328011 
863543031165777 
863543031146876 
863543031140374 
863543031138378 
863543031131415 
863543031119915 
863543031082451 
863543031082394 
863543031056752 
863543031007052 
863543030738657 
863543030668490 
863543030652775 
863543030650530 
863543030643352 
863543030431378 
863543030375674 
863543030359033 
863543030128719 
863543030128131 
863543030127471 
863543030123058 
863510039965714 
863510039962679 
863510039863778 
863510039757251 
863510039739697 
863510039735752 
863510039682210 
863510039434414 
863510039118991 
863510038122374 
863510037846999 
863510037723354 
863510037720673 
863510037588211 
863510037568650 
863510037568239 
863510037462912 
863510037462730 
863510037462151 
863510037459611 
863510037457151 
863510037456252 
863510037456211 
863510037454216 
863510037419458 
863510037419391 
863510037419375 
863510037406299 
863510037401852 
863510037401837 
863510037401811 
863510037401795 
863510037401779 
863510037401753 
863510037213059 
863510037187592 
863510037042672 
863510036857930 
863510036814071 
863510036770737 
863510036734691 
863510036711756 
863510036708810 
863510036708711 
863510036707754 
863510036705873 
863510036705519 
863510036705311 
863510036704090 
863510036703514 
863510036702656 
863510036677494 
863510036677254 
863510036677130 
863510036676496 
863510036676033 
863510036627192 
863510036624454 
863510036624173 
863510036578254 
863510036550477 
863510036516973 
863510036516577 
863510036511834 
863510036510299 
863510036509770 
863510036508855 
863510036507915 
863510036506115 
863510036410490 
863510036234692 
863510036233371 
863510036228959 
863510036212094 
863510036159410 
863510036149916 
863510036142937 
863510036118978 
863510036099277 
863510036070393 
863510035950835 
863510035950132 
863510035949936 
863510035869431 
863510035867971 
863510035864374 
863510035568173 
863510035537491 
863510035537251 
863510035501455 
863510035393457 
863510035385974 
863510035385636 
863510035353899 
863510035353014 
863510035231798 
863510035148752 
863510034933030 
863510034932735 
863510034846133 
863510034844211 
863510034802375 
863510034312912 
863510034104434 
863510033889159 
863510033887872 
863510033833553 
863510033446018 
863510033445416 
863510032962312 
863510032787875 
863510032167714 
863510032159570 
863510032137550 
863510031613130 
863510031604378 
863510031582418 
863510031562170 
863510031552452 
863510031552312 
863510031502556 
863510031502457 
863510031501814 
863510031498359 
863510031497419 
863510031431533 
863510031429834 
863510031405511 
863510031405354 
863510031402450 
863510031400819 
863510031327830 
863510031321270 
863510031320751 
863510030942118 
863510030939833 
863510030444016 
863510030414860 
863510030414662 
863510030408540 
863510030362440 
863510030362408 
863510030362382 
863510030362366 
863510030360444 
863510030360360 
863510030333763 
863510030331387 
863510030331346 
863510030331320 
863510030331304 
863510030104867 
863510030104685 
863510030019065 
863403039987815 
863403039980778 
863403039795796 
863403039795713 
863403039795614 
863403039725819 
863403039713013 
863403039710878 
863403039693777 
863403039681095 
863403039671476 
863403039662673 
863403039361391 
863403039360856 
863403039360831 
863403039358652 
863403039348737 
863403039348455 
863403039335510 
863403039331659 
863403039304656 
863403039286879 
863403039286390 
863403038936219 
863403038935435 
863403038935195 
863403038875672 
863403038874675 
863403038831998 
863403038827137 
863403038789477 
863403038753812 
863403038753754 
863403038720993 
863403038685931 
863403038653376 
863403038615151 
863403038582534 
863403038581759 
863403038580595 
863403038427037 
863403038401412 
863403038379519 
863403038357176 
863403038304178 
863403038258754 
863403038256816 
863403038247872 
863403038244879 
863403038227650 
863403038215036 
863403038189413 
863403038147171 
863403038135671 
863403038117273 
863403038116135 
863403038114114 
863403038090637 
863403038088870 
863403038081974 
863403038041390 
863403038010551 
863403037928837 
863403037923697 
863403037922871 
863403037921436 
863403037920834 
863403037852417 
863403037849835 
863403037432079 
863403037372093 
863403037371418 
863403037300870 
863403037275791 
863403037275296 
863403037032630 
863403036567495 
863403036518217 
863403036518175 
863403036310516 
863403036118331 
863403035589235 
863403035401670 
863403035231895 
863403035228537 
863403035152554 
863403035105370 
863403035072539 
863403034901951 
863403034840779 
863403034774010 
863403034726150 
863403034708539 
863403034681413 
863403034606097 
863403034597452 
863403034546970 
863403034394371 
863403034373870 
863403034071755 
863403034016834 
863403033948391 
863403033854433 
863403033552870 
863403033550155 
863403033544950 
863403033528334 
863403033528292 
863403033523392 
863403033452816 
863403033322159 
863403033314214 
863403033308091 
863403033307218 
863403033231533 
863403033215957 
863403033185119 
863403033117518 
863403033046717 
863403032939896 
863403032937874 
863403032934590 
863403032897318 
863403032859177 
863403032859136 
863403032858252 
863403032855274 
863403032788111 
863403032776256 
863403032775910 
863403032603294 
863403032602114 
863403032395636 
863403032319412 
863403032313837 
863403032311435 
863403032291439 
863403032243232 
863403032206452 
863403032070114 
863403032038772 
863403031952957 
863403031922158 
863403031901335 
863403031900212 
863403031898556 
863403031897574 
863403031895370 
863403031860390 
863403031801717 
863403031793476 
863403031792510 
863403031775911 
863403031771654 
863403031739313 
863403031737879 
863403031588132 
863403031566559 
863403031537337 
863403031537311 
863403031503693 
863403031474135 
863403031468111 
863403031384417 
863403031352554 
863403031322714 
863403031320619 
863403031315213 
863403031298039 
863403031290978 
863403031222757 
863403031222195 
863403031221411 
863403031197272 
863403030572012 
863403030446951 
863403030440095 
863403030365839 
863403030365813 
863403030365771 
863403030005658 
862733039716397 
862733039587178 
862733039532414 
862733039528792 
862733039512291 
862733039349975 
862733039102671 
862733039064517 
862733039058691 
862733038845999 
862733038842392 
862733038817493 
862733038803311 
862733037834135 
862733037538538 
862733036181355 
862733036093931 
862733035998957 
862733035998197 
862733035948317 
862733035828592 
862733035797870 
862733035772717 
862733035772410 
862733035655276 
862733035573354 
862733035553851 
862733035525115 
862733035357857 
862733035354771 
862733035341992 
862733035297038 
862733035219438 
862733035142275 
862733035141913 
862733034890171 
862733034737950 
862733034734932 
862733034270655 
862733034189954 
862733034171051 
862733033933014 
862733033927214 
862733033901334 
862733033866875 
862733033866859 
862733033866032 
862733033801815 
862733033796817 
862733033690275 
862733033664718 
862733033513675 
862733033251151 
862733033246755 
862733033246730 
862733033246698 
862733033245096 
862733032958756 
862733032889696 
862733032889670 
862733032364930 
862733032279930 
862733031597852 
862733031595138 
862733031595112 
862733031582250 
862733031581377 
862733031581351 
862733031581336 
862733031578290 
862733031578274 
862733031514675 
862733031494415 
862733031345179 
862733031332730 
862733031327458 
862733031326575 
862733031281994 
862733031252631 
862733031249132 
862733031248233 
862733031242319 
862733031213518 
862733031167938 
862733031164752 
862733031146494 
862733031118675 
862733031112934 
862733031089892 
862733031089439 
862733031087078 
862733031085650 
862733031066635 
862733031057519 
862733031045738 
862733031045290 
862733031043477 
862733031040176 
862733031036851 
862733030939774 
862733030903036 
862733030902277 
862733030885738 
862733030880697 
862733030880374 
862733030867173 
862733030573250 
862733030554136 
862733030553898 
862733030551918 
862733030543659 
862733030533296 
862733030514734 
862733030514692 
862733030513892 
862733030494531 
862733030455433 
862733030225174 
863707036111819 
863998039119343 
863998039118188 
863998039117602 
863998039117461 
863998039071122 
863998039070520 
863998039068623 
863998038272168 
863998038270642 
863998038267861 
863998038266889 
863998038266723 
863998038266640 
863998038266624 
863998038266608 
863998038266582 
863998038266566 
863998038266541 
863998038266525 
863998038266509 
863998038265568 
863998038265089 
863998038264868 
863998038264843 
863998038264827 
863998038264801 
863998038264009 
863998038262680 
863998038259124 
863998038228723 
863998038228640 
863998038123627 
863998035814269 
863998034995663 
863998034995648 
863998034989146 
863998034987363 
863998033139701 
863998030646765 
863998030646229 
863857039187652 
863857039186332 
863857039184675 
863857039184253 
863857039178578 
863857039175558 
863857039175251 
863857039174114 
863857039173074 
863857039172373 
863857039151799 
863857039151732 
863857039150874 
863857039149553 
863857038976477 
863857038610274 
863857038610191 
863857038568811 
863857038471453 
863857038470596 
863857038470497 
863857038469259 
863857038469010 
863857038468517 
863857038466719 
863857038444013 
863857038438775 
863857038355110 
863857038247218 
863857038003215 
863857037877932 
863857037651014 
863857037650354 
863857037650214 
863857037646493 
863857037646394 
863857037507372 
863857037485553 
863857037482477 
863857037469177 
863857037370151 
863857037355137 
863857037348991 
863857037237616 
863857036787793 
863857036777638 
863857036776812 
863857036742855 
863857036742616 
863857036742392 
863857036741998 
863857036741972 
863857036741931 
863857036740891 
863857036738952 
863857036736717 
863857036736451 
863857036736436 
863857036736410 
863857036736394 
863857036736378 
863857036736055 
863857036736030 
863857036557915 
863857036557592 
863857036556776 
863857036556016 
863857036545118 
863857036544558 
863857036433570 
863857036433315 
863857036173259 
863857036050176 
863857035401172 
863857034526235 
863857034312115 
863857034170877 
863857034164615 
863857032627654 
863857032627258 
863857032125139 
863857030421910 
863738039943775 
863738039929311 
863738039926416 
863738039925855 
863738039924916 
863738039913232 
863738039840211 
863738039837233 
863738039830097 
863738039828117 
863738039821872 
863738039804878 
863738039804415 
863738039789970 
863738038086758 
863738037924777 
863738036780501 
863738036780287 
863738036780147 
863738036778760 
863738036691484 
863738036691328 
863738036691260 
863738036691245 
863738036690007 
863738036689389 
863738036689306 
863738036689066 
863738036689041 
863738036689025 
863738036687185 
863738036686484 
863738036685684 
863738036685643 
863738036648328 
863738035588947 
863738033211021 
863738033207680 
863738033203283 
863738033202962 
863738033202301 
863738033202129 
863738033202103 
863738033201881 
863738033201808 
863738031124176 
863738031065098 
863738030755178 
863738030501325 
863738030492889 
863738030492848 
863738030492442 
863738030492004 
863738030474663 
863738030473004 
863738030472287 
863738030471388 
863738030470786 
863738030469689 
863738030469044 
863738030461280 
863738030192182 
863738030122742 
863707039866690 
863707039665233 
863707039634197 
863707038191231 
863707037570617 
863707037570591 
863707037565112 
863707037565070 
863707037564974 
863707037564412 
863707037564255 
863707036421556 
863707036413496 
863707035986732 
863707035985437 
863707035951371 
863707035939012 
863707035883335 
863707035881131 
863707035858436 
863707035855499 
863707034458733 
863707034371738 
863707034371514 
863707034370136 
863707033991197 
863707033951779 
863707033950979 
863707033907136 
863707033897659 
863707033897592 
863707033763612 
863707033760493 
863707033759354 
863707033748118 
863707033747110 
863707033746674 
863707033745973 
863707033745676 
863707033745650 
863707033698115 
863707033349099 
863707033347754 
863707033320272 
863707033301074 
863707033299054 
863707033298072 
863707033297157 
863707033280617 
863707033277670 
863707033267598 
863707033264157 
863707033250958 
863707032400174 
863707032399731 
863707032398733 
863707031609528 
863707031604560 
863707030426809 
863707030421941 
863707030255448 
863662039998995 
863662039997930 
863662039996296 
863662039994473 
863662039992253 
863662039990992 
863662039913291 
863662039912350 
863662039912319 
863662039912210 
863662039911998 
863662039911113 
863662039899177 
863662039873016 
863662039857050 
863662039855690 
863662039849933 
863662039849073 
863662039836732 
863662039788131 
863662039656072 
863662039654614 
863662039646552 
863662039626331 
863662039625853 
863662039624534 
863662039624518 
863662039590677 
863662039590339 
863662039564151 
863662039559516 
863662039559391 
863662039558955 
863662039430239 
863662039161198 
863662038408897 
863662038407337 
863662038405612 
863662038404318 
863662038402916 
863662038391770 
863662038368638 
863662038125418 
863662037922112 
863662037019133 
863662036976739 
863662036976218 
863662036256991 
863662036256173 
863662036133513 
863662036133190 
863662036127259 
863662036068396 
863662036007816 
863662033327191 
863662033326094 
863662033325096 
863662033324610 
863662033324578 
863662033324354 
863662033225858 
863662032728159 
863662032727391 
863662032717632 
863662032717392 
863662032716295 
863662031932919 
863662031931010 
863662031930236 
863662031929998 
863662031928511 
863662031917514 
863662031876371 
863662031758033 
863662031756235 
863662031256251 
863662030194131 
863617039923294 
863617039916371 
863617039318230 
863617038935075 
863617038933898 
863617038933773 
863617038933617 
863617038933559 
863617038933534 
863617038933518 
863617038933492 
863617038933450 
863617038925977 
863617038925191 
863617038925175 
863617038925159 
863617038925134 
863617038925118 
863617038808272 
863617038805039 
863617038743271 
863617038731433 
863617038711377 
863617038707417 
863617038706674 
863617038706617 
863617038706559 
863617038705635 
863617038673650 
863617038379910 
863617038354939 
863617038346398 
863617038343833 
863617038341993 
863617038340953 
863617038340912 
863617038340896 
863617038340870 
863617038340854 
863617038338098 
863617038338056 
863617038338015 
863617038336670 
863617038336514 
863617038335052 
863617038310816 
863617038310436 
863617038309917 
863617038309172 
863617038036593 
863617037661011 
863617036998778 
863617036992631 
863617036991930 
863617036970835 
863617036970017 
863617036813670 
863617036813654 
863617036813639 
863617036803879 
863617036803754 
863617036803697 
863617036803598 
863617036803531 
863617036803499 
863617036803291 
863617036803275 
863617036803259 
863617036781570 
863617036781539 
863617036781513 
863617036780598 
863617036778956 
863617036778857 
863617036778832 
863617036778816 
863617036778758 
863617036778733 
863617036761952 
863617036760459 
863617036619556 
863617036550793 
863617036548870 
863617036548136 
863617036547997 
863617036540711 
863617036540398 
863617036289657 
863617036285911 
863617036116298 
863617035887253 
863617035884292 
863617035794574 
863617035794079 
863617035794012 
863617035793998 
863617035793972 
863617035793477 
863617035793436 
863617035793378 
863617035793337 
863617035793238 
863617035792339 
863617035738530 
863617035738373 
863617035737979 
863617035736179 
863617035735973 
863617035735874 
863617035735791 
863617035735775 
863617035735536 
863617035735494 
863617035735379 
863617035735171 
863617035734596 
863617035734356 
863617035732699 
863617035732558 
863617035732418 
863617035732376 
863617035731691 
863617035731519 
863617035731493 
863617035731477 
863617035731352 
863617035731311 
863617035731295 
863617035731154 
863617035730834 
863617035726378 
863617035725297 
863617035723839 
863617035722633 
863617035599379 
863617035599338 
863617035595856 
863617035595575 
863617035595013 
863617035580239 
863617035577037 
863617035576898 
863617035574851 
863617035572970 
863617035572871 
863617035572715 
863617035572699 
863617035572657 
863617035572632 
863617035570750 
863617035570719 
863617035570636 
863617035570610 
863617035570578 
863617035556817 
863617035555199 
863617035554754 
863617035554697 
863617035554671 
863617035554317 
863617035552691 
863617035552659 
863617035552535 
863617035552139 
863617035550232 
863617035549630 
863617035549051 
863617035549010 
863617035548830 
863617035539797 
863617035539656 
863617035537833 
863617035536090 
863617035534715 
863617035534632 
863617035534616 
863617035534590 
863617035534434 
863617035534293 
863617035534038 
863617035491254 
863617035489951 
863617035489878 
863617035489233 
863617035488896 
863617035488797 
863617035459715 
863617035459699 
863617035459673 
863617035459657 
863617035459178 
863617035453437 
863617035449690 
863617035449617 
863617035438693 
863617035437075 
863617035434056 
863617035433017 
863617035431870 
863617035431417 
863617035430872 
863617035430492 
863617035312054 
863617035300414 
863617035290490 
863617035289773 
863617035288312 
863617035286514 
863617035278131 
863617035218152 
863617035130134 
863617035128971 
863617035122354 
863617035120358 
863617035120135 
863617035120077 
863617035115978 
863617035115879 
863617035115796 
863617035115713 
863617035115630 
863617035106175 
863617035105755 
863617035101770 
863617035091278 
863617035090056 
863617035088837 
863617035074555 
863617035007571 
863617035007514 
863617035007399 
863617034989639 
863617034986510 
863617034986171 
863617034976677 
863617034974839 
863617034974813 
863617034974532 
863617034955770 
863617034948791 
863617034947835 
863617034942737 
863617034941119 
863617034938578 
863617034938396 
863617034938214 
863617034937794 
863617034865094 
863617034837218 
863617034828910 
863617034803038 
863617034802774 
863617034802451 
863617034798816 
863617034797958 
863617034755634 
863617034755196 
863617034754454 
863617034753274 
863617034720513 
863617034686516 
863617034685831 
863617034648813 
863617034621554 
863617034621315 
863617034621059 
863617034616836 
863617034615630 
863617034608296 
863617034529351 
863617034374774 
863617034374733 
863617034340411 
863617034340353 
863617034340270 
863617034338878 
863617034310554 
863617034309655 
863617034307899 
863617034294279 
863617034286275 
863617034243011 
863617034242351 
863617034241296 
863617034240496 
863617034240215 
863617034239159 
863617034237757 
863617034236452 
863617034235496 
863617034234572 
863617034227014 
863617034226933 
863617034226917 
863617034226875 
863617034226156 
863617034202736 
863617034197472 
863617034197456 
863617034197431 
863617034181237 
863617034181138 
863617034181013 
863617034180916 
863617034177490 
863617034158797 
863617034158557 
863617034141652 
863617034141512 
863617034141454 
863617034141439 
863617034141413 
863617034141397 
863617034141371 
863617034140795 
863617034140779 
863617034128931 
863617034119138 
863617034119070 
863617034119054 
863617034118999 
863617034118973 
863617034118957 
863617034118858 
863617034117991 
863617034117975 
863617034116217 
863617034108339 
863617034100013 
863617034094471 
863617034088473 
863617034075934 
863617034072816 
863617034063658 
863617034063633 
863617034063617 
863617034020831 
863617034016672 
863617033916872 
863617033896959 
863617033895332 
863617033895191 
863617033862977 
863617033857936 
863617033857852 
863617033857712 
863617033857696 
863617033857670 
863617033857654 
863617033857639 
863617033857597 
863617033857571 
863617033842292 
863617033792570 
863617033792430 
863617033792414 
863617033792372 
863617033792331 
863617033792315 
863617033792273 
863617033792190 
863617033791630 
863617033791135 
863617033791119 
863617033791077 
863617033791051 
863617033791036 
863617033775633 
863617033771673 
863617033764793 
863617033751790 
863617033741031 
863617033739217 
863617033736916 
863617033734259 
863617033734192 
863617033734176 
863617033734119 
863617033733459 
863617033733350 
863617033733095 
863617033732899 
863617033732857 
863617033732733 
863617033732675 
863617033732279 
863617033732253 
863617033732212 
863617033732170 
863617033730935 
863617033730919 
863617033730059 
863617033729952 
863617033729937 
863617033722890 
863617033720696 
863617033646834 
863617033264877 
863617032993138 
863617032929652 
863617032929611 
863617032926153 
863617032926112 
863617032924075 
863617032879592 
863617032868777 
863617032780493 
863617032780477 
863617032780238 
863617032780170 
863617032780071 
863617032780055 
863617032780030 
863617032779990 
863617032779511 
863617032779339 
863617032779313 
863617032779297 
863617032779255 
863617032779198 
863617032779172 
863617032779057 
863617032709658 
863617032709294 
863617032554310 
863617032554278 
863617032554195 
863617032554054 
863617032554039 
863617032553957 
863617032552959 
863617032552298 
863617032552132 
863617032552116 
863617032552090 
863617032552074 
863617032550938 
863617032548494 
863617032546852 
863617032534692 
863617032530096 
863617032529973 
863617032529957 
863617032529890 
863617032529874 
863617032529759 
863617032529734 
863617032529718 
863617032529452 
863617032529411 
863617032529395 
863617032529379 
863617032529353 
863617032529338 
863617032529171 
863617032529155 
863617032523877 
863617032519792 
863617032519750 
863617032438118 
863617032422237 
863617032422211 
863617032422195 
863617032422179 
863617032422153 
863617032422138 
863617032422112 
863617032415850 
863617032415819 
863617032415678 
863617032415579 
863617032415116 
863617032415074 
863617032415058 
863617032415033 
863617032415017 
863617032395532 
863617032389675 
863617032388859 
863617032388735 
863617032388677 
863617032388537 
863617032388396 
863617032388370 
863617032388354 
863617032388313 
863617032388198 
863617032386994 
863617032386978 
863617032386952 
863617032386937 
863617032385996 
863617032385970 
863617032385913 
863617032375518 
863617032375476 
863617032375393 
863617032375096 
863617032374891 
863617032372432 
863617032347111 
863617032346899 
863617032346873 
863617032346790 
863617032328491 
863617032322890 
863617032311331 
863617032311315 
863617032311299 
863617032311273 
863617032310978 
863617032310697 
863617032310556 
863617032310473 
863617032310291 
863617032309376 
863617032309178 
863617032309053 
863617032295112 
863617032291897 
863617032291590 
863617032289974 
863617032289933 
863617032289693 
863617032288232 
863617032288216 
863617032282631 
863617032278712 
863617032255538 
863617032253897 
863617032253830 
863617032253814 
863617032253798 
863617032253756 
863617032253657 
863617032253616 
863617032253459 
863617032253434 
863617032253319 
863617032253277 
863617032253210 
863617032253194 
863617032253152 
863617032252030 
863617032247535 
863617032188259 
863617032186733 
863617032184316 
863617032184233 
863617032184175 
863617032183995 
863617032183797 
863617032183557 
863617032157015 
863617032135656 
863617032134758 
863617032134691 
863617032134535 
863617032134477 
863617031884411 
863617031882613 
863617031862797 
863617031859330 
863617031858217 
863617031857011 
863617031856997 
863617031856930 
863617031849794 
863617031848770 
863617031848754 
863617031844415 
863617031844274 
863617031779850 
863617031777979 
863617031772251 
863617031768770 
863617031650176 
863617031650119 
863617031598359 
863617031584573 
863617031552679 
863617031552497 
863617031269019 
863617031050518 
863617030993437 
863617030942079 
863617030900457 
863617030798992 
863617030789496 
863617030786856 
863617030771155 
863617030769019 
863617030478470 
863617030451436 
863617030446972 
863617030427550 
863617030387697 
863617030306937 
863617030304338 
863617030304056 
863617030299975 
863617030231416 
863617030209891 
863617030074493 
863617030045972 
863617030004011 
863543039861518 
863543039861096 
863543039706812 
863543039706010 
863543039701698 
863543039681213 
863543039681197 
863543039647230 
863543039647214 
863543039646133 
863543039646018 
863543039610410 
863543039610196 
863543039610170 
863543039610154 
863543039610139 
863543039610097 
863543039610071 
863543039610055 
863543039610030 
863543039608778 
863543039608158 
863543039608133 
863543039608117 
863543039608091 
863543039608075 
863543039570937 
863543039569095 
863543039566356 
863543039566273 
863543039566034 
863543039547430 
863543039434936 
863543039328252 
863543039321778 
863543039297754 
863543039297176 
863543039278937 
863543039276311 
863543039242412 
863543039221598 
863543039176636 
863543038972613 
863543038971557 
863543038971110 
863543038971078 
863543038971037 
863543038971011 
863543038970955 
863543038970674 
863543038970435 
863543038969718 
863543038969692 
863543038969676 
863543038969635 
863543038969312 
863543038969270 
863543038967936 
863543038967712 
863543038967613 
863543038967555 
863543038967530 
863543038967514 
863543038967472 
863543038966730 
863543038966698 
863543038966631 
863543038966490 
863543038966458 
863543038965716 
863543038965575 
863543038965518 
863543038965476 
863543038965336 
863543038964396 
863543038964354 
863543038964339 
863543038964271 
863543038964214 
863543038964172 
863543038964131 
863543038869157 
863543038796616 
863543038759994 
863543038746439 
863543038744152 
863543038681578 
863543038522038 
863543038427998 
863543038403114 
863543038318718 
863543038316811 
863543038316415 
863543038311713 
863543038311697 
863543038305418 
863543038303892 
863543038298134 
863543038199878 
863543038199654 
863543038199639 
863543038199555 
863543038134172 
863543038134156 
863543038134099 
863543038128737 
863543038128117 
863543038128034 
863543038127598 
863543038126319 
863543038125659 
863543038125634 
863543038125618 
863543038125592 
863543038125493 
863543038118399 
863543038118357 
863543038118159 
863543038101817 
863543038101510 
863543038082710 
863543038073073 
863543038031394 
863543038008715 
863543038007956 
863543038007931 
863543038007915 
863543038007857 
863543037996175 
863543037995250 
863543037995151 
863543037994535 
863543037994212 
863543037994196 
863543037993958 
863543037993610 
863543037991754 
863543037938672 
863543037926131 
863543037913014 
863543037912214 
863543037912172 
863543037912156 
863543037911471 
863543037891558 
863543037891533 
863543037891517 
863543037859852 
863543037735011 
863543037725194 
863543037721417 
863543037717217 
863543037716656 
863543037716474 
863543037715435 
863543037694655 
863543037692535 
863543037688913 
863543037687816 
863543037664435 
863543037662256 
863543037657413 
863543037639296 
863543037638918 
863543037622110 
863543037602153 
863543037601734 
863543037569352 
863543037544637 
863543037543357 
863543037540577 
863543037521676 
863543037450595 
863543037449555 
863543037442477 
863543037442097 
863543037433096 
863543037386971 
863543037310492 
863543037306631 
863543037246118 
863543037196552 
863543037196511 
863543037146151 
863543037146136 
863543037145914 
863543037071870 
863543037060774 
863543037060493 
863543036929797 
863543036879851 
863543036879836 
863543036879794 
863543036879778 
863543036879034 
863543036879018 
863543036878978 
863543036878911 
863543036878879 
863543036878010 
863543036877996 
863543036877913 
863543036877897 
863543036877871 
863543036877855 
863543036877814 
863543036877715 
863543036877699 
863543036877657 
863543036290299 
863543036053598 
863543036050776 
863543036050719 
863543036049653 
863543036038193 
863543035997779 
863543035856132 
863543035848378 
863543035804959 
863543035535256 
863543035533210 
863543035530190 
863543035470272 
863543035462139 
863543035459572 
863543035451413 
863543035451397 
863543035444558 
863543035442719 
863543035441612 
863543035440556 
863543035440531 
863543035411136 
863543035408819 
863543035405518 
863543035373658 
863543035373419 
863543035370290 
863543035370217 
863543035370092 
863543035370050 
863543035331151 
863543035299515 
863543035298632 
863543035298491 
863543035295075 
863543035286793 
863543035279475 
863543035272835 
863543035271498 
863543035271399 
863543035270037 
863543035265078 
863543035260756 
863543035260152 
863543035260012 
863543035258974 
863543035258594 
863543035257216 
863543035256655 
863543035256119 
863543035255434 
863543035255418 
863543035255392 
863543035255350 
863543035255319 
863543035255293 
863543035254619 
863543035254593 
863543035251631 
863543035251052 
863543035250633 
863543035250518 
863543035250450 
863543035250195 
863543035250096 
863543035250054 
863543035250013 
863543035249999 
863543035249973 
863543035249957 
863543035195291 
863543035195275 
863543035195259 
863543035194674 
863543035194393 
863543035185318 
863543035183073 
863543035143895 
863543035142491 
863543035142277 
863543035142236 
863543035142095 
863543035086375 
863543034977475 
863543034884556 
863543034882675 
863543034869797 
863543034869219 
863543034869052 
863543034868070 
863543034861430 
863543034698691 
863543034675319 
863543034356530 
863543034347612 
863543034344874 
863543034176110 
863543034020755 
863543034006457 
863543034000716 
863543034000690 
863543033688651 
863543033688594 
863543033370193 
863543033343190 
863543033343133 
863543033343059 
863543033342853 
863543033341558 
863543033341517 
863543033341459 
863543033341210 
863543033336491 
863543033336459 
863543033328118 
863543033326237 
863543033324018 
863543033322590 
863543033306791 
863543033302691 
863543033299111 
863543033298915 
863543033298634 
863543033298592 
863543033288494 
863543033198297 
863543033189551 
863543033151817 
863543033144333 
863543033143533 
863543033127635 
863543033125191 
863543033119616 
863543033102711 
863543033098091 
863543033097952 
863543033097937 
863543033095576 
863543033095550 
863543033078333 
863543033078317 
863543033078291 
863543033077715 
863543033077012 
863543033076956 
863543033076873 
863543033076832 
863543033076758 
863543033074357 
863543033074233 
863543033072930 
863543033072872 
863543033072856 
863543033072815 
863543033071197 
863543033071155 
863543033071114 
863543033071056 
863543033071031 
863543033068755 
863543033068656 
863543033068631 
863543033068573 
863543033068557 
863543033067690 
863543033027595 
863543033002671 
863543033002093 
863543032968377 
863543032921475 
863543032895257 
863543032893039 
863543032759636 
863543032725512 
863543032725355 
863543032339736 
863543032220878 
863543032218815 
863543032174091 
863543032173291 
863543032172798 
863543032087558 
863543031972115 
863543031756492 
863543031708170 
863543031708097 
863543031651537 
863543031394732 
863543031371532 
863543031370930 
863543031233153 
863543031178135 
863543031167518 
863543031167377 
863543031167294 
863543031164176 
863543031151850 
863543031140218 
863543031134591 
863543031125490 
863543031041093 
863543030666957 
863543030666452 
863543030663657 
863543030662196 
863543030654995 
863543030654292 
863543030652692 
863543030641638 
863543030409176 
863543030128370 
863543030110055 
863510039836816 
863510039836790 
863510039835792 
863510039835750 
863510039791318 
863510039758713 
863510039755537 
863510039684299 
863510039483775 
863510039483759 
863510039483593 
863510039434398 
863510039245455 
863510039218619 
863510038123331 
863510038123315 
863510038123257 
863510038122333 
863510037961533 
863510037961012 
863510037900093 
863510037831116 
863510037819954 
863510037721853 
863510037600677 
863510037582354 
863510037564295 
863510037544750 
863510037478751 
863510037457110 
863510037447293 
863510037435934 
863510037422692 
863510037331810 
863510037146994 
863510036777674 
863510036772394 
863510036733651 
863510036711459 
863510036711418 
863510036708356 
863510036702193 
863510036702078 
863510036702011 
863510036701336 
863510036697377 
863510036697336 
863510036697278 
863510036697195 
863510036696478 
863510036695975 
863510036695959 
863510036694150 
863510036694093 
863510036689952 
863510036678419 
863510036677411 
863510036647471 
863510036626152 
863510036625311 
863510036623290 
863510036622953 
863510036515538 
863510036515512 
863510036515496 
863510036515470 
863510036515454 
863510036514275 
863510036514259 
863510036514234 
863510036514218 
863510036513673 
863510036513210 
863510036513137 
863510036512139 
863510036511677 
863510036510232 
863510036509978 
863510036509358 
863510036225856 
863510036159899 
863510036150351 
863510036123358 
863510036118531 
863510036095911 
863510036095598 
863510036094195 
863510036094179 
863510036094096 
863510036091753 
863510036072514 
863510036072472 
863510036071672 
863510036070336 
863510035872153 
863510035867856 
863510035862956 
863510035505332 
863510035414675 
863510035410491 
863510035393911 
863510035393077 
863510035351695 
863510035351679 
863510035230691 
863510035151657 
863510034968234 
863510034953418 
863510034931612 
863510034931539 
863510034890255 
863510034889596 
863510034849418 
863510034839815 
863510034679252 
863510034678890 
863510034670335 
863510034610570 
863510034599971 
863510034597751 
863510034597652 
863510034326250 
863510034309579 
863510034306211 
863510034103535 
863510033919931 
863510033917075 
863510033886973 
863510033886536 
863510032922373 
863510032785390 
863510032693677 
863510032664314 
863510032658670 
863510032205779 
863510032200978 
863510032197398 
863510032195574 
863510032167235 
863510032142618 
863510032098471 
863510031604295 
863510031602554 
863510031517695 
863510031502697 
863510031441417 
863510031401932 
863510030945731 
863510030945715 
863510030945699 
863510030945673 
863510030945657 
863510030943397 
863510030943371 
863510030943355 
863510030942050 
863510030942035 
863510030942019 
863510030941995 
863510030940930 
863510030939775 
863510030939759 
863510030939734 
863510030939494 
863510030939478 
863510030939452 
863510030939379 
863510030938975 
863510030938470 
863510030938454 
863510030938413 
863510030938132 
863510030938090 
863510030938074 
863510030409506 
863510030406569 
863510030406361 
863510030362226 
863510030331924 
863403039856812 
863403039716438 
863403039712775 
863403039687910 
863403039662079 
863403039657673 
863403039612678 
863403039331519 
863403039298510 
863403039224052 
863403038996734 
863403038882215 
863403038875151 
863403038874998 
863403038874592 
863403038874477 
863403038874410 
863403038869915 
863403038856532 
863403038828176 
863403038826576 
863403038784270 
863403038784197 
863403038784155 
863403038784098 
863403038784031 
863403038783173 
863403038783157 
863403038783033 
863403038779270 
863403038779130 
863403038779114 
863403038779072 
863403038778710 
863403038778579 
863403038778512 
863403038769115 
863403038701233 
863403038685915 
863403038685899 
863403038685550 
863403038659456 
863403038659019 
863403038658011 
863403038657690 
863403038657674 
863403038645273 
863403038639797 
863403038592335 
863403038580330 
863403038577096 
863403038548477 
863403038548436 
863403038548253 
863403038399533 
863403038399491 
863403038395176 
863403038389658 
863403038388874 
863403038379139 
863403038376978 
863403038362994 
863403038253474 
863403038251676 
863403038248839 
863403038112811 
863403038091197 
863403038087310 
863403038010957 
863403037961754 
863403037950674 
863403037950658 
863403037924570 
863403037896612 
863403037881572 
863403037880079 
863403037615178 
863403037431030 
863403037385558 
863403037301670 
863403037298116 
863403036751750 
863403036563874 
863403036473256 
863403036211672 
863403036099259 
863403035923194 
863403035769134 
863403035698010 
863403035589276 
863403035589219 
863403035384777 
863403035279258 
863403035133299 
863403034847899 
863403034839458 
863403034838872 
863403034819971 
863403034724296 
863403034609315 
863403034608333 
863403034607939 
863403034598898 
863403034596579 
863403034546517 
863403034544918 
863403034543274 
863403034354979 
863403034312696 
863403034312092 
863403034311813 
863403034065690 
863403034060212 
863403034057853 
863403034017139 
863403033964216 
863403033946056 
863403033767379 
863403033555535 
863403033548373 
863403033548258 
863403033528276 
863403033436892 
863403033436736 
863403033435613 
863403033435472 
863403033435233 
863403033435134 
863403033435092 
863403033433113 
863403033432032 
863403033430895 
863403033430556 
863403033430275 
863403033425614 
863403033425499 
863403033341217 
863403033340938 
863403033339534 
863403033330053 
863403033329998 
863403033329832 
863403033329550 
863403033321979 
863403033321599 
863403033321474 
863403033315872 
863403033315617 
863403033312895 
863403033311616 
863403033310998 
863403033309719 
863403033309453 
863403033309099 
863403033305436 
863403033220254 
863403033219538 
863403033165590 
863403033163777 
863403032960850 
863403032960835 
863403032959779 
863403032954135 
863403032935332 
863403032921795 
863403032908214 
863403032905533 
863403032895973 
863403032893077 
863403032860670 
863403032859193 
863403032844559 
863403032831630 
863403032825053 
863403032824932 
863403032821532 
863403032821433 
863403032820716 
863403032820658 
863403032820575 
863403032817795 
863403032784193 
863403032677439 
863403032440176 
863403032312672 
863403032289730 
863403032274617 
863403032231559 
863403032099832 
863403032084438 
863403032084354 
863403032084198 
863403032084156 
863403032022479 
863403032017172 
863403032007454 
863403031995113 
863403031921614 
863403031901590 
863403031897715 
863403031773510 
863403031770771 
863403031750633 
863403031742010 
863403031700471 
863403031524293 
863403031523170 
863403031523154 
863403031451778 
863403031420674 
863403031408356 
863403031326210 
863403031292610 
863403031287792 
863403031254016 
863403031251533 
863403031199013 
863403030573192 
863403030571774 
863403030443834 
863403030443370 
863403030443354 
863403030443339 
863403030441432 
863403030438214 
862733039720654 
862733039640357 
862733039545598 
862733039532059 
862733039515575 
862733039339596 
862733039065910 
862733039060812 
862733039046811 
862733038820018 
862733037979831 
862733036531054 
862733036523374 
862733036093956 
862733035966954 
862733035782559 
862733035620015 
862733035565517 
862733035552630 
862733035343931 
862733035216475 
862733035143497 
862733035142739 
862733035141251 
862733034908775 
862733034908635 
862733034898398 
862733034823511 
862733033867097 
862733033802193 
862733033794556 
862733033694335 
862733033670814 
862733033666077 
862733033624795 
862733033580856 
862733033565832 
862733033563639 
862733033526495 
862733033095459 
862733033056592 
862733033055131 
862733032969852 
862733032935333 
862733032929252 
862733032490651 
862733032371877 
862733032365598 
862733032365572 
862733032327390 
862733032326657 
862733032263892 
862733031593158 
862733031592630 
862733031582995 
862733031533733 
862733031450995 
862733031346474 
862733031345815 
862733031345237 
862733031285474 
862733031283636 
862733031282851 
862733031282836 
862733031282810 
862733031237939 
862733031205852 
862733031164372 
862733031150058 
862733031146973 
862733031129359 
862733031114732 
862733031090015 
862733031056859 
862733031047759 
862733031038253 
862733031006938 
862733031005815 
862733030922317 
862733030921996 
862733030917176 
862733030906476 
862733030903770 
862733030885415 
862733030862513 
862733030862430 
862733030862372 
862733030860459 
862733030858339 
862733030857612 
862733030855897 
862733030836392 
862733030609690 
862733030573698 
862733030527876 
862733030527595 
862733030524493 
862733030524378 
862733030523412 
862733030522919 
862733030522810 
862733030494259 
862733030484995 
862733030332392 
862733030306891 
862733030225158 
863857032039272 
863857032038597 
863857032038431 
863857032038399 
863998039121927 
863998039117826 
863998039117362 
863998039068482 
863998038283926 
863998038270162 
863998038269404 
863998038268505 
863998038266962 
863998038266947 
863998038266103 
863998038266046 
863998038265766 
863998038265543 
863998038264702 
863998038263340 
863998038262805 
863998038262466 
863998038259025 
863998038259009 
863998038258985 
863998038258969 
863998038235660 
863998038235561 
863998035826107 
863998035816041 
863998035064766 
863998034987025 
863998034986449 
863998034986324 
863998034986241 
863998033141780 
863998030606322 
863998030536966 
863857039188510 
863857039184337 
863857039172530 
863857039172456 
863857039172092 
863857038587837 
863857038585690 
863857038570635 
863857038542857 
863857038470794 
863857038470331 
863857038469796 
863857038469739 
863857038469119 
863857038468996 
863857038468194 
863857038466776 
863857037766275 
863857037745352 
863857037651097 
863857037650933 
863857037647319 
863857037507133 
863857037370771 
863857037367835 
863857037366332 
863857036805272 
863857036741550 
863857036740917 
863857036740859 
863857036740099 
863857036739232 
863857036738416 
863857036737772 
863857036737756 
863857036737731 
863857036737137 
863857036704657 
863857036704418 
863857036544533 
863857036544517 
863857036443579 
863857036441334 
863857036432853 
863857036050978 
863857036050572 
863857036050135 
863857035398790 
863857034406354 
863857032625559 
863857032623711 
863857031808974 
863738039943098 
863738039941357 
863738039934972 
863738039932737 
863738039928792 
863738039926473 
863738039925392 
863738039924619 
863738039924353 
863738039923959 
863738039917092 
863738039827432 
863738039814570 
863738039802054 
863738039800058 
863738039794830 
863738038176450 
863738038098753 
863738038098159 
863738038086774 
863738036781889 
863738036780485 
863738036688746 
863738036686062 
863738031121776 
863738031119853 
863738031118558 
863738031065577 
863738031027155 
863738031016950 
863738030548912 
863738030492905 
863738030489141 
863738030488648 
863738030488382 
863738030473301 
863738030470729 
863738030461447 
863738030438460 
863738030191341 
863738030190640 
863738030172648 
863738030096888 
863707039866773 
863707039752312 
863707038191017 
863707036421952 
863707036421770 
863707036417794 
863707036414874 
863707036279475 
863707035986252 
863707035951678 
863707035947817 
863707035880935 
863707034884912 
863707034883617 
863707034383170 
863707034373098 
863707034372074 
863707034369013 
863707034073698 
863707034072997 
863707033951118 
863707033951019 
863707033950953 
863707033948890 
863707033948718 
863707033896594 
863707033890894 
863707033758570 
863707033746278 
863707033745817 
863707033740271 
863707033729639 
863707033370079 
863707033300050 
863707033298015 
863707033280674 
863707033280377 
863707033280054 
863707033272879 
863707033253713 
863707032399756 
863707032398519 
863707030641225 
863662039999936 
863662039998474 
863662039994630 
863662039957330 
863662039956993 
863662039918811 
863662039917011 
863662039902575 
863662039858595 
863662039852374 
863662039849032 
863662039837375 
863662039789873 
863662039654879 
863662039652113 
863662039651578 
863662039625598 
863662039619237 
863662039611432 
863662039601250 
863662039594356 
863662039592830 
863662039592616 
863662039558773 
863662039467991 
863662039417871 
863662039185395 
863662039182418 
863662039182293 
863662039181816 
863662039181618 
863662039162030 
863662038675438 
863662038670132 
863662038411156 
863662038410976 
863662038409077 
863662038409010 
863662038404532 
863662038400217 
863662038400159 
863662038397470 
863662038391952 
863662038058916 
863662036820838 
863662036126459 
863662036100199 
863662036067752 
863662035639155 
863662033324990 
863662033320113 
863662033316277 
863662033225155 
863662033102792 
863662032966437 
863662032726294 
863662032716279 
863662032715255 
863662032713656 
863662031927877 
863662031906574 
863662030056090 
863617039722852 
863617039718272 
863617039717431 
863617039259772 
863617039191199 
863617038983596 
863617038983414 
863617038983398 
863617038983372 
863617038983356 
863617038983331 
863617038983315 
863617038977978 
863617038960438 
863617038945298 
863617038942311 
863617038928252 
863617038926199 
863617038649411 
863617038648413 
863617038376254 
863617038355795 
863617038355670 
863617038345358 
863617038344831 
863617038342694 
863617038336753 
863617038332034 
863617038325095 
863617038037211 
863617037091375 
863617037084479 
863617037054951 
863617036993274 
863617036992672 
863617036973318 
863617036970793 
863617036804018 
863617036803812 
863617036778477 
863617036640636 
863617036618913 
863617036616610 
863617036551510 
863617036551452 
863617036548839 
863617036289814 
863617035889432 
863617035887311 
863617035886610 
863617035794970 
863617035794376 
863617035791612 
863617035730719 
863617035729133 
863617035724316 
863617035724019 
863617035608337 
863617035608071 
863617035608055 
863617035602959 
863617035602579 
863617035601175 
863617035579793 
863617035572798 
863617035559217 
863617035554911 
863617035551933 
863617035537890 
863617035537452 
863617035537437 
863617035492591 
863617035490397 
863617035454195 
863617035452694 
863617035437596 
863617035434296 
863617035432951 
863617035431532 
863617035431136 
863617035364196 
863617035360434 
863617035298832 
863617035298576 
863617035295119 
863617035286910 
863617035279139 
863617035278990 
863617035278453 
863617035277059 
863617035268132 
863617035128450 
863617035125894 
863617035115432 
863617035115275 
863617035112330 
863617035112074 
863617035087417 
863617034994738 
863617034988896 
863617034970977 
863617034955796 
863617034952330 
863617034949930 
863617034948114 
863617034948072 
863617034945052 
863617034944972 
863617034942497 
863617034938255 
863617034836830 
863617034826450 
863617034802493 
863617034780319 
863617034754694 
863617034754231 
863617034716875 
863617034651932 
863617034616190 
863617034614013 
863617034613973 
863617034599495 
863617034540812 
863617034364353 
863617034336690 
863617034322716 
863617034308657 
863617034253739 
863617034252657 
863617034250214 
863617034248358 
863617034223831 
863617034221777 
863617034186459 
863617034177912 
863617034177839 
863617034158334 
863617034107695 
863617034087855 
863617034074192 
863617034071396 
863617034063336 
863617034062593 
863617034029873 
863617034019791 
863617034017399 
863617034016516 
863617033990091 
863617033940054 
863617033919496 
863617033915676 
863617033912715 
863617033912558 
863617033893576 
863617033891356 
863617033886539 
863617033881050 
863617033857951 
863617033848315 
863617033846590 
863617033839991 
863617033819217 
863617033818235 
863617033801090 
863617033795078 
863617033794717 
863617033793438 
863617033791655 
863617033791317 
863617033751295 
863617033742831 
863617033733590 
863617033731370 
863617033721959 
863617033719177 
863617033718294 
863617033649630 
863617033648913 
863617033648392 
863617032990597 
863617032989896 
863617032928514 
863617032926070 
863617032868157 
863617032805795 
863617032708791 
863617032697796 
863617032567759 
863617032566975 
863617032553098 
863617032551472 
863617032548478 
863617032546597 
863617032546498 
863617032534072 
863617032523976 
863617032436294 
863617032414838 
863617032389519 
863617032386499 
863617032345172 
863617032326651 
863617032326370 
863617032324698 
863617032320472 
863617032306273 
863617032301134 
863617032291251 
863617032289396 
863617032289198 
863617032254796 
863617032203934 
863617032157619 
863617032157536 
863617032157056 
863617032156199 
863617032137058 
863617032088715 
863617031859355 
863617031856237 
863617031844118 
863617031778571 
863617031775353 
863617031771675 
863617031770677 
863617031664730 
863617031661736 
863617031661496 
863617031654012 
863617031584037 
863617031582551 
863617031528190 
863617031051219 
863617031048454 
863617030901851 
863617030898412 
863617030787193 
863617030785031 
863617030783630 
863617030776592 
863617030776014 
863617030771536 
863617030452491 
863617030445735 
863617030437195 
863617030429754 
863617030306291 
863617030304957 
863617030232810 
863617030211491 
863617030079492 
863543039698852 
863543039612358 
863543039609578 
863543039584052 
863543039395855 
863543039332676 
863543039330076 
863543039329193 
863543039328633 
863543039302398 
863543039299735 
863543039285973 
863543039277434 
863543039275594 
863543039176172 
863543038926437 
863543038799032 
863543038798810 
863543038797895 
863543038760018 
863543038746496 
863543038741174 
863543038740838 
863543038684796 
863543038680836 
863543038680216 
863543038679150 
863543038678053 
863543038677832 
863543038528910 
863543038522012 
863543038521998 
863543038426339 
863543038321233 
863543038298597 
863543038264839 
863543038199910 
863543038127531 
863543038103797 
863543038102278 
863543038101593 
863543038096710 
863543038084153 
863543038081258 
863543038074873 
863543038014614 
863543037996092 
863543037995995 
863543037991952 
863543037883498 
863543037882193 
863543037763252 
863543037725459 
863543037717472 
863543037694572 
863543037692931 
863543037689416 
863543037688053 
863543037687899 
863543037661217 
863543037602872 
863543037597197 
863543037594053 
863543037593717 
863543037592214 
863543037589459 
863543037550378 
863543037542672 
863543037540676 
863543037495657 
863543037450777 
863543037450611 
863543037445116 
863543037440711 
863543037438236 
863543037437758 
863543037406258 
863543037387037 
863543037369258 
863543037265837 
863543037146094 
863543037145971 
863543037107732 
863543037104077 
863543037073454 
863543037068736 
863543036934433 
863543036889413 
863543036827553 
863543036773492 
863543036772833 
863543036415490 
863543036328990 
863543036328917 
863543036152531 
863543036058019 
863543036057854 
863543036056492 
863543036055395 
863543036053432 
863543036052558 
863543035807655 
863543035804777 
863543035533657 
863543035494835 
863543035473698 
863543035472872 
863543035468870 
863543035462717 
863543035462170 
863543035459259 
863543035459234 
863543035458137 
863543035451694 
863543035451470 
863543035447155 
863543035445811 
863543035445597 
863543035443238 
863543035442859 
863543035440176 
863543035413835 
863543035413710 
863543035408637 
863543035315550 
863543035315311 
863543035305395 
863543035305056 
863543035301998 
863543035300537 
863543035299630 
863543035298715 
863543035298079 
863543035293153 
863543035282875 
863543035279632 
863543035273858 
863543035273593 
863543035263776 
863543035263271 
863543035262679 
863543035250336 
863543035249932 
863543035192173 
863543035191498 
863543035186696 
863543035183032 
863543035159495 
863543035157291 
863543035154058 
863543035152359 
863543035144075 
863543035143077 
863543035141535 
863543035141295 
863543035140651 
863543035038335 
863543035038319 
863543034882691 
863543034878814 
863543034875273 
863543034874193 
863543034872015 
863543034849294 
863543034847132 
863543034795133 
863543034585310 
863543034358015 
863543034354436 
863543034350517 
863543034345996 
863543034342654 
863543034252077 
863543034166657 
863543034166095 
863543033693099 
863543033323457 
863543033290250 
863543033289112 
863543033199832 
863543033153417 
863543033151734 
863543033149076 
863543033148896 
863543033145298 
863543033145058 
863543033144853 
863543033125175 
863543033123550 
863543033103677 
863543033070454 
863543033049359 
863543033047635 
863543033047114 
863543033001855 
863543033000618 
863543032999893 
863543032969755 
863543032900875 
863543032894698 
863543032762192 
863543032761699 
863543032761111 
863543032342474 
863543032342250 
863543032268471 
863543032217890 
863543032217817 
863543032175973 
863543032171618 
863543032116738 
863543032000833 
863543031999571 
863543031996239 
863543031995975 
863543031995751 
863543031991438 
863543031949931 
863543031943637 
863543031747897 
863543031713519 
863543031708154 
863543031671535 
863543031671154 
863543031652717 
863543031371557 
863543031225696 
863543031219814 
863543031197838 
863543031197457 
863543031168458 
863543031168193 
863543031139319 
863543031125474 
863543031124253 
863543031085777 
863543031062032 
863543031057396 
863543031007359 
863543030677871 
863543030668417 
863543030664416 
863543030660992 
863543030660810 
863543030659713 
863543030645217 
863543030640119 
863543030638956 
863543030409754 
863543030409218 
863543030357912 
863543030102193 
863510039835719 
863510039757673 
863510039735950 
863510039734052 
863510039434836 
863510039245539 
863510039121391 
863510038147090 
863510038124214 
863510037962879 
863510037962119 
863510037961996 
863510037868472 
863510037868258 
863510037831074 
863510037830837 
863510037606252 
863510037602392 
863510037566134 
863510037405994 
863510037342130 
863510037185836 
863510037147133 
863510037145939 
863510036962839 
863510036941833 
863510036771396 
863510036711111 
863510036706137 
863510036705675 
863510036694556 
863510036626871 
863510036622730 
863510036587016 
863510036522898 
863510036517310 
863510036517278 
863510036512931 
863510036506453 
863510036505778 
863510036233694 
863510036209033 
863510036180879 
863510036159212 
863510036149957 
863510036121410 
863510036099533 
863510036088775 
863510035949076 
863510035871213 
863510035392152 
863510035389711 
863510035367154 
863510035351950 
863510035231053 
863510034849335 
863510034848733 
863510034800411 
863510034679757 
863510034678551 
863510034610638 
863510034496376 
863510034394332 
863510034386338 
863510034160717 
863510034104152 
863510033915152 
863510033887534 
863510033730098 
863510033446877 
863510032925095 
863510032692174 
863510032691655 
863510032199931 
863510032197638 
863510032192795 
863510032144119 
863510032074878 
863510032074332 
863510031758059 
863510031613510 
863510031604451 
863510031565819 
863510031564234 
863510031556719 
863510031507191 
863510031506912 
863510031502630 
863510031483450 
863510031440856 
863510031431350 
863510031426137 
863510031408135 
863510031402690 
863510030943033 
863510030941854 
863510030408623 
863510030405868 
863510030330587 
863510030330546 
863403039824653 
863403039761731 
863403039745478 
863403039662699 
863403039662376 
863403039660156 
863403039658457 
863403039658077 
863403039655651 
863403039358991 
863403039333978 
863403038996437 
863403038977957 
863403038827194 
863403038778918 
863403038776474 
863403038770832 
863403038765154 
863403038764678 
863403038694479 
863403038674497 
863403038587491 
863403038578375 
863403038555654 
863403038549954 
863403038548394 
863403038490852 
863403038426856 
863403038398956 
863403038398931 
863403038302917 
863403038301331 
863403038249571 
863403038223956 
863403038081438 
863403038080455 
863403038040756 
863403037969815 
863403037963099 
863403037947795 
863403037946672 
863403037928415 
863403037880178 
863403037561455 
863403037477371 
863403037455898 
863403037412170 
863403037391432 
863403037336353 
863403037333772 
863403037329457 
863403037276658 
863403036722215 
863403036721878 
863403036720532 
863403036486217 
863403036312892 
863403036312611 
863403036250076 
863403036249292 
863403036214395 
863403036212910 
863403036148494 
863403035921693 
863403035694977 
863403035471731 
863403035279118 
863403035277393 
863403035230731 
863403035198276 
863403035106733 
863403034834590 
863403034773277 
863403034684458 
863403034598294 
863403034598153 
863403034597718 
863403034384695 
863403034374654 
863403034356891 
863403034312852 
863403034276834 
863403034072217 
863403034063059 
863403034060279 
863403034016172 
863403033949910 
863403033949852 
863403033949837 
863403033945397 
863403033553159 
863403033546997 
863403033538218 
863403033523053 
863403033457013 
863403033433436 
863403033432974 
863403033432255 
863403033431935 
863403033425275 
863403033354657 
863403033310071 
863403033307770 
863403033286610 
863403033286537 
863403033286016 
863403033283831 
863403033165814 
863403033162233 
863403033046535 
863403033011018 
863403032963938 
863403032963854 
863403032954234 
863403032906598 
863403032862312 
863403032830954 
863403032829618 
863403032808794 
863403032677496 
863403032656334 
863403032652515 
863403032282677 
863403032244610 
863403032240535 
863403032238679 
863403032229652 
863403032084370 
863403032042519 
863403032017735 
863403031999271 
863403031956693 
863403031945613 
863403031945514 
863403031921374 
863403031899497 
863403031792296 
863403031776612 
863403031776539 
863403031775739 
863403031771878 
863403031771290 
863403031568159 
863403031381215 
863403031313390 
863403031296975 
863403031296850 
863403031287818 
863403031286893 
863403031258918 
863403031251079 
863403031251053 
863403030884193 
863403030830295 
863403030573234 
863403030443453 
863403030439097 
863403030438552 
863403030436911 
863403030195152 
863403030009619 
862733039734671 
862733039715993 
862733039690832 
862733038864412 
862733038863539 
862733038844794 
862733038844133 
862733038843457 
862733038803030 
862733037944033 
862733037836437 
862733037549931 
862733036519216 
862733036177072 
862733036073594 
862733036022492 
862733036021593 
862733036020512 
862733035967234 
862733035297137 
862733034908452 
862733034733850 
862733034156730 
862733033806897 
862733033793319 
862733033666358 
862733033549554 
862733033525513 
862733033291355 
862733033290894 
862733033221857 
862733033055958 
862733032959853 
862733032931613 
862733032893599 
862733032544911 
862733032437678 
862733032327614 
862733032305552 
862733032250352 
862733032220736 
862733032207956 
862733031803995 
862733031599833 
862733031596037 
862733031571774 
862733031532453 
862733031531638 
862733031529715 
862733031527115 
862733031491619 
862733031479333 
862733031454070 
862733031452256 
862733031345278 
862733031344438 
862733031326757 
862733031324570 
862733031298154 
862733031298139 
862733031284873 
862733031283495 
862733031282059 
862733031281796 
862733031249058 
862733031168654 
862733031168316 
862733031166252 
862733031116778 
862733031088019 
862733031087730 
862733031087532 
862733031085056 
862733031085031 
862733031074696 
862733031071536 
862733031056396 
862733031038659 
862733030922671 
862733030921137 
862733030919370 
862733030912011 
862733030903895 
862733030859410 
862733030858115 
862733030799491 
862733030577533 
862733030574159 
862733030573755 
862733030553377 
862733030549417 
862733030532819 
862733030532512 
862733030527637 
862733030527439 
862733030514858 
862733030507431 
862733030505377 
862733030493756 
862733030493194 
862733030489853 
862733030334893 
862733030209830 
863857032040213 
863998039122784 
863998039117420 
863998039069142 
863998038267267 
863998038258340 
863998038236080 
863998035822841 
863998035385328 
863998035083865 
863998034996380 
863998034996224 
863998034988668 
863998034988643 
863998034988569 
863998034986183 
863998033142101 
863998033141681 
863998033135980 
863998030646484 
863857039179816 
863857039177778 
863857039176374 
863857039175632 
863857039173553 
863857039150973 
863857038987615 
863857038718135 
863857038581491 
863857038578497 
863857038468459 
863857038467295 
863857038467154 
863857038466735 
863857038465778 
863857038330154 
863857038249099 
863857037879532 
863857037877890 
863857037877874 
863857037742896 
863857037485413 
863857037366134 
863857037355335 
863857036743739 
863857036743010 
863857036742418 
863857036741378 
863857036738499 
863857036737871 
863857036737459 
863857036736618 
863857036052933 
863857036049871 
863857034312834 
863738039956157 
863738039955852 
863738039955258 
863738039942553 
863738039929055 
863738039927653 
863738039924437 
863738039923991 
863738039917217 
863738039916318 
863738039839999 
863738039837217 
863738039814778 
863738039793378 
863738039787016 
863738036690064 
863738036689504 
863738036689488 
863738036689249 
863738036688761 
863738036686187 
863738036685965 
863738036685882 
863738035589044 
863738035315168 
863738033211187 
863738031186191 
863738031122337 
863738031122253 
863738031122113 
863738031120257 
863738031064919 
863738031028534 
863738030957311 
863738030548938 
863738030499769 
863738030489182 
863738030268586 
863738030191705 
863707038191330 
863707037564354 
863707036421176 
863707036414916 
863707036368096 
863707035986799 
863707035939517 
863707035929377 
863707035888433 
863707035881396 
863707035853874 
863707034885976 
863707034383196 
863707034382834 
863707034370250 
863707033951050 
863707033950151 
863707033949575 
863707033948999 
863707033948874 
863707033908936 
863707033768637 
863707033760279 
863707033760212 
863707033749892 
863707033747011 
863707033746351 
863707033745395 
863707033740297 
863707033729290 
863707033320553 
863707033311370 
863707033283272 
863707033283256 
863707033281219 
863707033278710 
863707033278579 
863707033278553 
863707033268976 
863707033263472 
863707033254273 
863707033253994 
863707030677427 
863662039999191 
863662039995876 
863662039992733 
863662039990836 
863662039960235 
863662039918233 
863662039916377 
863662039916351 
863662039916179 
863662039910875 
863662039908994 
863662039908796 
863662039858678 
863662039857191 
863662039857118 
863662039838316 
863662039675551 
863662039656957 
863662039652030 
863662039651917 
863662039651495 
863662039648137 
863662039597896 
863662039562817 
863662039476133 
863662039468197 
863662039467975 
863662039431773 
863662039422897 
863662039417939 
863662039162758 
863662038410059 
863662038409937 
863662038409879 
863662038392430 
863662037940114 
863662036820275 
863662036255035 
863662036253212 
863662036252974 
863662036174913 
863662036173139 
863662036171653 
863662036163791 
863662036126319 
863662036125519 
863662036055757 
863662036011479 
863662035301392 
863662033102859 
863662033079453 
863662033079370 
863662032993514 
863662032970579 
863662032970470 
863662032871678 
863662032728092 
863662032726492 
863662032725015 
863662032724398 
863662032717350 
863662032711015 
863662032710835 
863662031932117 
863662031917373 
863662031877718 
863617039723777 
863617039719635 
863617039716771 
863617039318297 
863617038984792 
863617038963796 
863617038959679 
863617038935372 
863617038925795 
863617038925597 
863617038887037 
863617038808330 
863617038718117 
863617038715816 
863617038703473 
863617038688518 
863617038344450 
863617038344377 
863617038344278 
863617038328073 
863617038310055 
863617038305915 
863617038037435 
863617038035934 
863617037657050 
863617036972971 
863617036972831 
863617036971197 
863617036970611 
863617036970579 
863617036813597 
863617036805452 
863617036785415 
863617036780754 
863617036780697 
863617036780655 
863617036778774 
863617036761572 
863617036618939 
863617036551296 
863617036550330 
863617036549498 
863617036538574 
863617036368394 
863617036302971 
863617036127311 
863617036031059 
863617035732178 
863617035726337 
863617035725735 
863617035725719 
863617035615779 
863617035609194 
863617035567137 
863617035554416 
863617035542395 
863617035538252 
863617035536876 
863617035536454 
863617035534194 
863617035450698 
863617035450557 
863617035449930 
863617035431110 
863617035356739 
863617035332219 
863617035328019 
863617035311957 
863617035308359 
863617035304192 
863617035298956 
863617035297032 
863617035290219 
863617035290011 
863617035289039 
863617035286472 
863617035281671 
863617035268173 
863617035267233 
863617035119376 
863617035119210 
863617035111670 
863617035107017 
863617035105813 
863617035104337 
863617035103578 
863617035103511 
863617035096178 
863617035090312 
863617035089553 
863617035038139 
863617035025599 
863617035003539 
863617034995750 
863617034988094 
863617034975158 
863617034955515 
863617034955119 
863617034951597 
863617034950854 
863617034949419 
863617034945813 
863617034939311 
863617034938156 
863617034937851 
863617034828795 
863617034796992 
863617034780152 
863617034779675 
863617034752995 
863617034653797 
863617034652450 
863617034642535 
863617034641552 
863617034608239 
863617034375870 
863617034339991 
863617034339512 
863617034323078 
863617034322112 
863617034308210 
863617034307857 
863617034286150 
863617034274032 
863617034255437 
863617034250974 
863617034241452 
863617034239399 
863617034225430 
863617034222676 
863617034222098 
863617034149671 
863617034118650 
863617034087939 
863617034081270 
863617034071610 
863617034062551 
863617033998730 
863617033941938 
863617033939999 
863617033915759 
863617033912772 
863617033890978 
863617033859478 
863617033857332 
863617033846194 
863617033842078 
863617033841971 
863617033836856 
863617033828655 
863617033823276 
863617033817435 
863617033817195 
863617033816171 
863617033784957 
863617033781730 
863617033771376 
863617033751717 
863617033747392 
863617033719151 
863617033717254 
863617033700839 
863617033694032 
863617032990639 
863617032926138 
863617032869254 
863617032721315 
863617032712256 
863617032681956 
863617032568336 
863617032535871 
863617032533991 
863617032526219 
863617032523752 
863617032523711 
863617032521657 
863617032437979 
863617032415611 
863617032414515 
863617032414093 
863617032411255 
863617032388891 
863617032375179 
863617032346592 
863617032346196 
863617032327493 
863617032326776 
863617032325638 
863617032324490 
863617032323518 
863617032321397 
863617032320852 
863617032302595 
863617032299692 
863617032291533 
863617032290832 
863617032290691 
863617032290618 
863617032288935 
863617032254853 
863617032185396 
863617032087659 
863617031896290 
863617031895953 
863617031862391 
863617031848010 
863617031847095 
863617031774430 
863617031774414 
863617031774034 
863617031773077 
863617031663930 
863617031652073 
863617031651893 
863617031651877 
863617031651133 
863617031600874 
863617031598334 
863617031582718 
863617031527051 
863617031332676 
863617031048694 
863617031048512 
863617030938614 
863617030913096 
863617030913070 
863617030787714 
863617030786799 
863617030784976 
863617030773375 
863617030772716 
863617030771775 
863617030621830 
863617030620915 
863617030611179 
863617030451279 
863617030448598 
863617030448515 
863617030436395 
863617030429218 
863617030427873 
863617030387614 
863617030300450 
863617030232513 
863617030211475 
863617030075110 
863543039954677 
863543039859116 
863543039703314 
863543039701615 
863543039682872 
863543039647651 
863543039613331 
863543039609214 