862503030221386 
862503030223903 
862503031520315 
862503031718836 
862503031719057 
862503032200370 
862503032203531 
862503032205213 
862503032206476 
862503032248650 
862503032264236 
862503032384638 
862503032384778 
862503032412934 
862503032415499 
862503032416836 
862503032417990 
862503032588055 
862503032589293 
862503032651739 
862503032717779 
862503032745770 
862503032769713 
862503032795791 
862503032856619 
862503032863151 
862503032954018 
862503032982233 
862503032999716 
862503033024811 
862503033037995 
862503033044397 
862503033044538 
862503033066218 
862503033073230 
862503033112954 
862503033117615 
862503033122292 
862503033132531 
862503033200874 
862503033203175 
862503033220534 
862503033280892 
862503033289190 
862503033299413 
862503033362195 
862503033370073 
862503033513490 
862503033916354 
862503033949637 
862503033967993 
862503034133652 
862503034236257 
862503034317735 
862503034334235 
862503034337253 
862503034405456 
862503034530972 
862503034913038 
862503035087816 
862503035100718 
862503035100817 
862503035100973 
862503035144971 
862503035161231 
862503035163153 
862503035163575 
862503035183896 
862503035187731 
862503035209535 
862503035210392 
862503035244110 
862503036746691 
863600036035270 
863600036074857 
863600036075359 
863600036096496 
863600036128778 
863600036129412 
863600036136250 
863600036137050 
863600036353699 
863600036380775 
863600036380833 
863600036391939 
863600036392176 
863600036393513 
863600036399072 
863600036457193 
863600036457433 
863600036458951 
863600036497173 
863600036497595 
863600036514811 
863600036521139 
863600036526518 
863600036571639 
863600036574294 
863600036581398 
863600036583717 
863600036583758 
863600036584111 
863600036683798 
863600036715830 
863600038017771 
863600038020353 
863708030008530 
863708030008779 
863708030022291 
863708030030039 
863708030030070 
863708030032274 
863708030034577 
863708031208014 
863708031211778 
863708031212230 
863708031213592 
863708031238276 
863708031283637 
863708031284890 
863708031474293 
863708031474335 
863708031678216 
863708031680295 
863708031688439 
863708031688876 
863708031689130 
863708031689296 
863708031690419 
863708031690815 
863708031691557 
863708031718475 
863708031722337 
863708031728292 
863708031728912 
863708031736857 
863708031737053 
863708031737897 
863708031739059 
863708031746237 
863708031747698 
863708031748555 
863708031749678 
863708031753894 
863708031754033 
863708031754330 
863708031754918 
863708031754991 
863708031755279 
863708031755311 
863708031755378 
863708031755493 
863708031755659 
863708031756855 
863708031757994 
863708031758471 
863708031758570 
863708031759396 
863708031760410 
863708031772993 
863708031773132 
863708031774197 
863708031774916 
863708031774932 
863708031777216 
863708031777430 
863708031779014 
863708031779873 
863708031787371 
863708031787751 
863708031787876 
863708031788577 
863708031789211 
863708031802071 
863708031804754 
863708031805058 
863708031829215 
863708031829678 
863708031829793 
863708031830130 
863708031830296 
863708031830312 
863708031830478 
863708031830510 
863708031830635 
863708031830999 
863708031831278 
863708031831419 
863708031831450 
863708031831716 
863708031831914 
863708031831930 
863708031832094 
863708031832110 
863708031832136 
863708031832193 
863708031832714 
863708031833035 
863708031833050 
863708031833290 
863708031833779 
863708031833852 
863708031834371 
863708031834397 
863708031834850 
863708031834876 
863708031835055 
863708031835196 
863708031835238 
863708031835857 
863708031835899 
863708031835931 
863708031836111 
863708031836517 
863708031836657 
863708031837218 
863708031837556 
863708031838679 
863708031838877 
863708031839131 
863708031839396 
863708031840311 
863708031840436 
863708031840659 
863708031840691 
863708031842291 
863708031842317 
863708031842374 
863708031842630 
863708031842671 
863708031842754 
863708031842796 
863708031842978 
863708031843117 
863708031843257 
863708031843653 
863708031843851 
863708031844099 
863708031844172 
863708031844214 
863708031844453 
863708031844693 
863708031844776 
863708031844834 
863708031844974 
863708031845013 
863708031845278 
863708031845351 
863708031845419 
863708031845492 
863708031845955 
863708031846037 
863708031846078 
863708031846110 
863708031846318 
863708031846359 
863708031846433 
863708031846631 
863708031846672 
863708031846797 
863708031847274 
863708031847696 
863708031847795 
863708031848215 
863708031848454 
863708031849031 
863708031849213 
863708031849296 
863708031849411 
863708031849437 
863708031849536 
863708031849577 
863708031849635 
863708031849775 
863708031850054 
863708031850211 
863708031850294 
863708031850419 
863708031850534 
863708031850591 
863708031850617 
863708031851136 
863708031851219 
863708031851557 
863708031851615 
863708031851730 
863708031851870 
863708031851979 
863708031852050 
863708031852175 
863708031852456 
863708031852530 
863708031852613 
863708031852639 
863708031852951 
863708031853033 
863708031853090 
863708031853173 
863708031854395 
863708031855111 
863708031855335 
863708031855517 
863708031855632 
863708031856333 
863708031856713 
863708031857596 
863708031858297 
863708031858834 
863708031858859 
863708031858875 
863708031859238 
863708031859311 
863708031859675 
863708031859717 
863708031859774 
863708031860038 
863708031860053 
863708031860079 
863708031860293 
863708031860897 
863708031861119 
863708031861457 
863708031861770 
863708031861879 
863708031862315 
863708031862430 
863708031862893 
863708031862935 
863708031863032 
863708031863057 
863708031863735 
863708031863776 
863708031865979 
863708031866399 
863708031867330 
863708031867439 
863708031868890 
863708031869195 
863708031869377 
863708031869419 
863708031869435 
863708031869534 
863708031872678 
863708031877974 
863708031879053 
863708031888377 
863708031888518 
863708031889136 
863708031890514 
863708031890571 
863708031897758 
863708031915097 
863708031915212 
863708031915295 
863708031916897 
863708031916939 
863708031917176 
863708031918414 
863708031918471 
863708031918570 
863708031918794 
863708031918919 
863708031918976 
863708031919032 
863708031919917 
863708031919974 
863708031920238 
863708031920311 
863708031920352 
863708031927050 
863708031928793 
863708031929338 
863708031930039 
863708031931193 
863708031931573 
863708031935095 
863708031935517 
863708031935798 
863708031937190 
863708031938537 
863708031938933 
863708031940319 
863708031940715 
863708031940756 
863708031942612 
863708031943255 
863708031945151 
863708031946555 
863708031957875 
863708031958378 
863708031959178 
863708031959251 
863708031960515 
863708031960671 
863708031960994 
863708031961794 
863708031962230 
863708031962297 
863708031967239 
863708031967437 
863708031968591 
863708031968872 
863708031969078 
863708031970233 
863708031970456 
863708031970514 
863708031971199 
863708031971611 
863708031971918 
863708031974458 
863708031974474 
863708031980455 
863708031980539 
863708031980596 
863708031985793 
863708031985934 
863708031986056 
863708031990090 
863708031990652 
863708031994779 
863708031995479 
863708032005617 
863708032006136 
863708032006573 
863708032008413 
863708032013637 
863708032030235 
863708032030359 
863708032030458 
863708032030599 
863708032030698 
863708032031159 
863708032032231 
863708032032256 
863708032032959 
863708032033155 
863708032037099 
863708032038279 
863708032038295 
863708032039350 
863708032040978 
863708032041216 
863708032041679 
863708032042032 
863708032042198 
863708032042453 
863708032042750 
863708032043337 
863708032043634 
863708032043675 
863708032043899 
863708032043998 
863708032044434 
863708032044459 
863708032044574 
863708032045373 
863708032045498 
863708032046470 
863708032046736 
863708032046876 
863708032046918 
863708032047353 
863708032047551 
863708032047577 
863708032058111 
863708032058350 
863708032058376 
863708032060810 
863708032060851 
863708032061354 
863708032061370 
863708032061479 
863708032061974 
863708032061990 
863708032064572 
863708032064614 
863708032064697 
863708032064838 
863708032065033 
863708032065991 
863708032066015 
863708032074035 
863708032075495 
863708032076097 
863708032076394 
863708032077913 
863708032078572 
863708032089157 
863708032089298 
863708032092730 
863708032093639 
863708032094991 
863708032095014 
863708032095378 
863708032096475 
863708032096533 
863708032098752 
863708032100731 
863708032101630 
863708032102158 
863708032103453 
863708032103735 
863708032103792 
863708032112439 
863708032113452 
863708032114377 
863708032116992 
863708032117057 
863708032117115 
863708032117578 
863708032117677 
863708032119236 
863708032126215 
863708032127692 
863708032129516 
863708032129672 
863708032131272 
863708032138293 
863708032138319 
863708032138376 
863708032138392 
863708032138517 
863708032140554 
863708032140810 
863708032140836 
863708032140893 
863708032141099 
863708032141230 
863708032141495 
863708032141537 
863708032141818 
863708032142071 
863708032142170 
863708032142212 
863708032142311 
863708032146338 
863708032146452 
863708032146478 
863708032146551 
863708032149613 
863708032149910 
863708032150033 
863708032152195 
863708032152278 
863708032152294 
863708032152310 
863708032152872 
863708032172615 
863708032173118 
863708032173415 
863708032173910 
863708032175758 
863708032176152 
863708032176335 
863708032176376 
863708032176814 
863708032179776 
863708032184719 
863708032186854 
863708032190377 
863708032192498 
863708032198677 
863708032199493 
863708032199758 
863708032199998 
863708032200093 
863708032200432 
863708032200614 
863708032200911 
863708032203519 
863708032206959 
863708032207072 
863708032210753 
863708032210878 
863708032211454 
863708032211637 
863708032211678 
863708032211710 
863708032211751 
863708032211892 
863708032212072 
863708032212098 
863708032212239 
863708032212312 
863708032212411 
863708032212478 
863708032212718 
863708032212874 
863708032213716 
863708032214839 
863708032215174 
863708032215331 
863708032215356 
863708032215372 
863708032215497 
863708032216875 
863708032217055 
863708032218194 
863708032218350 
863708032218418 
863708032218459 
863708032219010 
863708032219317 
863708032219515 
863708032219770 
863708032220034 
863708032220570 
863708032221214 
863708032224374 
863708032228672 
863708032229415 
863708032230157 
863708032231239 
863708032231734 
863708032231890 
863708032232815 
863708032256079 
863708032257499 
863708032259255 
863708032259610 
863708032259651 
863708032260055 
863708032260071 
863708032260097 
863708032260196 
863708032260352 
863708032260378 
863708032261715 
863708032262937 
863708032263216 
863708032263919 
863708032263992 
863708032264057 
863708032265070 
863708032266318 
863708032266672 
863708032266698 
863708032267159 
863708032271458 
863708032271797 
863708032273199 
863708032273819 
863708032274973 
863708032275590 
863708032276176 
863708032276739 
863708032281036 
863708032281333 
863708032335857 
863708032347977 
863708032349114 
863708032349775 
863708032350575 
863708032350732 
863708032351078 
863708032351292 
863708032351615 
863708032351656 
863708032351672 
863708032351896 
863708032351953 
863708032352654 
863708032353058 
863708032353710 
863708032354155 
863708032354312 
863708032355392 
863708032355871 
863708032356077 
863708032356432 
863708032357471 
863708032358271 
863708032375770 
863708032379855 
863708032381299 
863708032382255 
863708032383717 
863708032384236 
863708032384558 
863708032385035 
863708032386074 
863708032389334 
863708032389375 
863708032389391 
863708032389417 
863708032390092 
863708032396412 
863708032397097 
863708032401592 
863708032403796 
863708032405098 
863708032474334 
863708032474532 
863708032475372 
863708032475414 
863708032476032 
863708032476073 
863708032476271 
863708032476891 
863708032477170 
863708032477451 
863708032484879 
863708032485058 
863708032485074 
863708032485496 
863708032485652 
863708032486114 
863708032486775 
863708032487013 
863708032487831 
863708032487856 
863708032489357 
863708032490579 
863708032490777 
863708032490835 
863708032490918 
863708032490975 
863708032491015 
863708032491114 
863708032492492 
863708032492534 
863708032492559 
863708032492757 
863708032492831 
863708032492856 
863708032493656 
863708032493672 
863708032494472 
863708032494951 
863708032495073 
863708032495297 
863708032495479 
863708032495974 
863708032496311 
863708032519310 
863708032521779 
863708032521795 
863708032522033 
863708032522132 
863708032522173 
863708032522199 
863708032522231 
863708032522256 
863708032522330 
863708032522355 
863708032522835 
863708032533410 
863708032535472 
863708032535597 
863708032536991 
863708032541652 
863708032542338 
863708032542973 
863708032544755 
863708032545810 
863708032547154 
863708032548897 
863708032550471 
863708032551735 
863708032551875 
863708032552154 
863708032554036 
863708032554598 
863708032556957 
863708032558250 
863708032558276 
863708032558730 
863708032559035 
863708032559175 
863708032560397 
863708032560876 
863708032560918 
863708032560959 
863708032564191 
863708032565016 
863708032565271 
863708032567798 
863708032568432 
863708032568515 
863708032569018 
863708032569059 
863708032570479 
863708032570818 
863708032571410 
863708032571493 
863708032572939 
863708032574596 
863708032575338 
863708032575932 
863708032575973 
863708032578134 
863708032578217 
863708032578332 
863708032578373 
863708032578753 
863708032578795 
863708032579439 
863708032579991 
863708032581617 
863708032581716 
863708032581757 
863708032581971 
863708032582433 
863708032582557 
863708032584090 
863708032587234 
863708032589016 
863708032589594 
863708032589610 
863708032589636 
863708032592937 
863708032593158 
863708032595435 
863708032599858 
863708032601076 
863708032603098 
863708032603775 
863708032603817 
863708032604773 
863708032604872 
863708032605796 
863708032607099 
863708032607479 
863708032609590 
863708032609855 
863708032609897 
863708032609954 
863708032610333 
863708032610374 
863708032610697 
863708032610754 
863708032610952 
863708032610994 
863708032612453 
863708032612594 
863708032612636 
863708032612677 
863708032614699 
863708032614772 
863708032615977 
863708032619318 
863708032619490 
863708032621470 
863708032622551 
863708032624573 
863708032624615 
863708032624714 
863708032626313 
863708032626396 
863708032630133 
863708032631057 
863708032634978 
863708032636890 
863708032638474 
863708032639233 
863708032639837 
863708032640173 
863708032640397 
863708032641635 
863708032644795 
863708032647376 
863708032654315 
863708032658316 
863708032658332 
863708032659959 
863708032665493 
863708032672812 
863708032673075 
863708032674016 
863708032674156 
863708032674271 
863708032674537 
863708032674677 
863708032674859 
863708032674917 
863708032675294 
863708032675377 
863708032675450 
863708032675518 
863708032675534 
863708032675773 
863708032675815 
863708032675971 
863708032676011 
863708032676037 
863708032676292 
863708032686499 
863708032686655 
863708032686671 
863708032692331 
863708032692539 
863708032693354 
863708032693537 
863708032693552 
863708032705893 
863708032707972 
863708032712030 
863708032713038 
863708032714994 
863708032715512 
863708032716536 
863708032718433 
863708032719597 
863708032723359 
863708032726295 
863708032727798 
863708032728176 
863708032730693 
863708032735593 
863708032740734 
863708032744173 
863708032746715 
863708032746814 
863708032748158 
863708032750634 
863708032753018 
863708032753679 
863708032754735 
863708032756193 
863708032757936 
863708032758413 
863708032758777 
863708032763454 
863708032764197 
863708032766416 
863708032766457 
863708032766515 
863708032766556 
863708032766879 
863708032776332 
863708032776712 
863708032776837 
863708032776993 
863708032777116 
863708032777637 
863708032777694 
863708032777751 
863708032777819 
863708032778254 
863708032778270 
863708032778932 
863708032778957 
863708032779872 
863708032780094 
863708032780334 
863708032780532 
863708032780854 
863708032780953 
863708032781274 
863708032781530 
863708032781837 
863708032781951 
863708032782470 
863708032782512 
863708032782553 
863708032782595 
863708032782678 
863708032782736 
863708032782751 
863708032782850 
863708032782918 
863708032783015 
863708032783072 
863708032783114 
863708032783213 
863708032783312 
863708032783395 
863708032783676 
863708032785697 
863708032785739 
863708032785812 
863708032786810 
863708032786919 
863708032787412 
863708032787552 
863708032787719 
863708032787792 
863708032787875 
863708032787891 
863708032788014 
863708032788071 
863708032788196 
863708032788212 
863708032788295 
863708032788394 
863708032788550 
863708032788659 
863708032788733 
863708032788790 
863708032788873 
863708032788956 
863708032789053 
863708032789152 
863708032790333 
863708032794210 
863708032794715 
863708032796991 
863708032797213 
863708032797312 
863708032798856 
863708032799219 
863708032799839 
863708032799896 
863708032799979 
863708032800397 
863708032800652 
863708032800819 
863708032800835 
863708032801098 
863708032803672 
863708032803755 
863708032804233 
863708032804357 
863708032807475 
863708032807491 
863708032808598 
863708032809174 
863708032809414 
863708032809539 
863708032809752 
863708032809836 
863708032810172 
863708032810255 
863708032810495 
863708032810578 
863708032810677 
863708032810974 
863708032811097 
863708032811113 
863708032811154 
863708032811410 
863708032811774 
863708032811816 
863708032811873 
863708032812079 
863708032812335 
863708032812376 
863708032812434 
863708032812574 
863708032812772 
863708032812871 
863708032813093 
863708032813275 
863708032813630 
863708032813697 
863708032813911 
863708032813952 
863708032814034 
863708032814299 
863708032814315 
863708032814539 
863708032814638 
863708032815254 
863708032815452 
863708032815635 
863708032815833 
863708032815957 
863708032816153 
863708032816294 
863708032816393 
863708032816815 
863708032817011 
863708032817037 
863708032817193 
863708032825519 
863708032825535 
863708032825998 
863708032827234 
863708032832853 
863708032837811 
863708032838314 
863708032844494 
863708032844619 
863708032846150 
863708032848099 
863708032848230 
863708032848610 
863708032848750 
863708032848834 
863708032852414 
863708032855490 
863708032856357 
863708032893855 
863708032894630 
863708032895272 
863708032895371 
863708032898011 
863708032898094 
863708032899555 
863708032900395 
863708032911335 
863708032916193 
863708032917555 
863708032918330 
863708032919478 
863708032920690 
863708032920930 
863708032923652 
863708032923991 
863708032925319 
863708032933719 
863708032933776 
863708032939732 
863708032943239 
863708032943650 
863708032948832 
863708032948899 
863708032949038 
863708032976650 
863708032976718 
863708033032016 
863708033032057 
863708033032198 
863708033033238 
863708033033253 
863708033040092 
863708033040175 
863708033042791 
863708033044318 
863708033044490 
863708033055116 
863708033055553 
863708033058854 
863708033059076 
863708033095716 
863708033127519 
863708033162599 
863708033165030 
863708033166897 
863708033242912 
863708033242953 
863708033242995 
863708033243498 
863708033243571 
863708033243670 
863708033243977 
863708033245717 
863708033245758 
863708033256219 
863708033260674 
863708033269097 
863708033277850 
863708033278494 
863708033281217 
863708033283411 
863708033283734 
863708033283817 
863708033284278 
863708033284336 
863708033285770 
863708033287339 
863708033289251 
863708033289376 
863708033289459 
863708033290994 
863708033291455 
863708033291810 
863708033295837 
863708033296231 
863708033297098 
863708033300454 
863708033301031 
863708033301692 
863708033313515 
863708033315114 
863708033315213 
863708033315510 
863708033315577 
863708033315692 
863708033315957 
863708033315973 
863708033319538 
863708033319710 
863708033319736 
863708033330477 
863708033331376 
863708033331590 
863708033331756 
863708033331871 
863708033332010 
863708033332291 
863708033332515 
863708033332630 
863708033332697 
863708033332754 
863708033332812 
863708033333075 
863708033333133 
863708033333299 
863708033333497 
863708033333737 
863708033335310 
863708033335351 
863708033336615 
863708033336656 
863708033337191 
863708033337415 
863708033340419 
863708033340518 
863708033346077 
863708033346432 
863708033346556 
863708033349816 
863708033349931 
863708033349972 
863708033350335 
863708033350699 
863708033350731 
863708033351994 
863708033355078 
863708033355235 
863708033355599 
863708033360219 
863708033363254 
863708033363353 
863708033363510 
863708033363759 
863708033363973 
863708033364393 
863708033364658 
863708033364971 
863708033365010 
863708033365036 
863708033365077 
863708033365150 
863708033369236 
863708033370770 
863708033371612 
863708033374871 
863708033403431 
863708033403977 
863708033406350 
863708033410519 
863708033410618 
863708033411533 
863708033427992 
863708033432133 
863708033437579 
863708033441092 
863708033449756 
863708033449871 
863708033450812 
863708033450853 
863708033452651 
863708033453352 
863708033453592 
863708033455035 
863708033457494 
863708033459771 
863708033459995 
863708033460910 
863708033462031 
863708033462171 
863708033462478 
863708033464912 
863708033464979 
863708033465679 
863708033466693 
863708033468491 
863708033472592 
863708033472956 
863708033475132 
863708033475173 
863708033475470 
863708033475512 
863708033476239 
863708033476759 
863708033479217 
863708033479316 
863708033479472 
863708033479910 
863708033481510 
863708033481619 
863708033485198 
863708033529714 
863708033529870 
863708033530779 
863708033532213 
863708033532494 
863708033532577 
863708033533195 
863708033533799 
863708033631353 
863708033681432 
863708033683016 
863708033686134 
863708033687231 
863708033687272 
863708033687298 
863708033696638 
863708033698477 
863708033710538 
863708033710652 
863708033711031 
863708033712039 
863708033712492 
863708033765557 
863708033778675 
863708033781471 
863708033820196 
863708033820212 
863708033835939 
863708033836135 
863708033836150 
863708033836333 
863708033836556 
863708033844576 
863708033848452 
863708033851217 
863708033856117 
863708033856315 
863708033856430 
863708033856554 
863708033856612 
863708033856778 
863708033857214 
863708033857271 
863708033857354 
863708033857412 
863708033857792 
863708033857891 
863708033857933 
863708033858014 
863708033858139 
863708033858394 
863708033858675 
863708033858816 
863708033859673 
863708033859715 
863708033859939 
863708033860671 
863708033861794 
863708033861992 
863708033862495 
863708033862511 
863708033862933 
863708033863014 
863708033863519 
863708033863550 
863708033864053 
863708033864376 
863708033864392 
863708033864632 
863708033901277 
863708033909395 
863708033931332 
863708033931357 
863708033932371 
863708033932397 
863708033933874 
863708033933916 
863708033934633 
863708033935838 
863708033935994 
863708033936075 
863708033936174 
863708033936455 
863708033936653 
863708033938675 
863708033939137 
863708033939236 
863708033939350 
863708033939434 
863708033939574 
863708033940796 
863708033940812 
863708033944830 
863708033966239 
863708033966494 
863708033966858 
863708033966890 
863708033966973 
863708033967070 
863708033968953 
863708033969415 
863708033969555 
863708033974431 
863708033974530 
863708033974555 
863708033978598 
863708033978614 
863708033979091 
863708033979117 
863708033979273 
863708033979315 
863708033979539 
863708033981014 
863708033981071 
863708033981113 
863708033981550 
863708033981576 
863708033981733 
863708033983358 
863708033983374 
863708033983457 
863708033983515 
863708033985817 
863708033985858 
863708034149538 
863708034162739 
863708034162895 
863708034163174 
863708034163414 
863708034163570 
863708034163752 
863708034163794 
863708034175418 
863708034176176 
863708034176317 
863708034176390 
863708034187132 
863708034187298 
863708034187371 
863708034187470 
863708034187579 
863708034187595 
863708034187652 
863708034187892 
863708034188114 
863708034188338 
863708034188650 
863708034188817 
863708034189153 
863708034189179 
863708034189195 
863708034189237 
863708034189252 
863708034189377 
863708034189674 
863708034194690 
863708034194872 
863708034195119 
863708034195390 
863708034195473 
863708034195531 
863708034199277 
863708034199434 
863708034199590 
863708034199616 
863708034199996 
863708034228050 
863708034229793 
863708034230130 
863708034232235 
863708034232672 
863708034232730 
863708034696819 
863708034698575 
863708034698914 
863708034700314 
863708034700553 
863708034700595 
863708034700710 
863708034700736 
863708034746556 
863708034759419 
863708034759450 
863708034760318 
863708034764153 
863708034813976 
863708034813992 
863708034814016 
863708034814230 
863708034814297 
863708034814636 
863708034815153 
863708034815773 
863708034815930 
863708034816474 
863708034816854 
863708034817217 
863708034817316 
863708034817738 
863708034817811 
863708034817910 
863708034817977 
863708034818173 
863708034818199 
863708034818355 
863708034818397 
863708034818538 
863708034818652 
863708034818736 
863708034818835 
863708034818892 
863708034819072 
863708034819379 
863708034819635 
863708034819692 
863708034819775 
863708034820310 
863708034820799 
863708034820872 
863708034821250 
863708034821391 
863708034821433 
863708034822035 
863708034822159 
863708034822175 
863708034822191 
863708034822555 
863708034822654 
863708034822779 
863708034822936 
863708034823371 
863708034823793 
863708034823934 
863708034824031 
863708034824098 
863708034824312 
863708034824494 
863708034824775 
863708034824791 
863708034824932 
863708034825251 
863708034825293 
863708034825335 
863708034825699 
863708034825772 
863708034825798 
863708034825814 
863708034826234 
863708034826416 
863708034826432 
863708034826572 
863708034836936 
863708034837470 
863708034837819 
863708034837959 
863708034838098 
863708034838213 
863708034838338 
863708034838353 
863708034838916 
863708034838957 
863708034838999 
863708034839237 
863708034839310 
863708034839575 
863708034839617 
863708034839690 
863708034839732 
863708034840771 
863708034840979 
863708034841159 
863708034841233 
863708034841332 
863708034841431 
863708034841613 
863708034841670 
863708034841712 
863708034842116 
863708034842355 
863708034842454 
863708034842611 
863708034842751 
863708034842892 
863708034844070 
863708034848238 
863708034850077 
863708034956775 
863708034956833 
863708034956890 
863708034956957 
863708034957278 
863708034957419 
863708034957518 
863708034957575 
863708034958896 
863708034959233 
863708034959613 
863708034959753 
863708034959894 
863708034959910 
863708034961437 
863708034961973 
863708034962153 
863708034962237 
863708034963698 
863708034964019 
863708034964258 
863708034964514 
863708034964753 
863708034966592 
863708034966618 
863708034966659 
863708034966774 
863708034967012 
863708034967038 
863708034968556 
863708034968713 
863708034969018 
863708034969034 
863708034969075 
863708034969216 
863708034969398 
863708034969471 
863708034969539 
863708034969794 
863708034969935 
863708034970214 
863708034970396 
863708034970719 
863708034970875 
863708034970917 
863708034971410 
863708034971493 
863708034971550 
863708034971972 
863708034972053 
863708034972319 
863708034972459 
863708034972475 
863708034972491 
863708034972517 
863708034972616 
863708034972798 
863708034973077 
863708034973093 
863708034973119 
863708034973432 
863708034973655 
863708034973796 
863708034973952 
863708034974034 
863708034974075 
863708034974158 
863708034974174 
863708034974232 
863708034974331 
863708034974356 
863708034974455 
863708034974554 
863708034974737 
863708034975353 
863708034975411 
863708034975437 
863708034975593 
863708034975650 
863708034975718 
863708034976492 
863708034976690 
863708034976831 
863708034976898 
863708034977292 
863708034977359 
863708034977391 
863708034977516 
863708034985691 
863708034985774 
863708034985832 
863708034986012 
863708034986053 
863708034986079 
863708034986251 
863708034986574 
863708034986657 
863708034986954 
863708034987051 
863708034987135 
863708034987192 
863708034987275 
863708034987432 
863708034987531 
863708034987713 
863708034992291 
863708034993513 
863708034993851 
863708035921257 
863708035921299 
863708035921455 
863708035921513 
863708035921570 
863708035921695 
863708035971690 
863708035971815 
863708035971997 
863708035972219 
863708035972391 
863708035972490 
863708035972938 
863708035972979 
863708035973258 
863708035973373 
863708035973399 
863708035974553 
863708035974678 
863708035974777 
863708035974793 
863708035974876 
863708035975253 
863708035975394 
863708035975550 
863708035975816 
863708035975832 
863708035976012 
863708035976095 
863708035976194 
863708035976293 
863708035976319 
863708036066839 
863708036069718 
863708036071896 
863708036078339 
863708036083297 
863708036086159 
863708036100638 
863708036118234 
863708036198434 
863708036198954 
863708036199010 
863708036199192 
863708036199317 
863708036199614 
863708036199739 
863708036199978 
863708036200131 
863708036200412 
863708036200453 
863708036200537 
863708036202418 
863708036202970 
863708036203119 
863708036205353 
863708036236036 
863708036236176 
863708036236218 
863708036236234 
863708036236275 
863708036236317 
863708036236432 
863708036236473 
863708036236556 
863708036236598 
863708036236713 
863708036245235 
863708036245615 
863708036245755 
863708036245896 
863708036245912 
863708036245938 
863708036245979 
863708036246415 
863708036246431 
863708036246498 
863708036246555 
863708036246795 
863708036247058 
863708036247298 
863708036247678 
863708036247694 
863708036247959 
863708036248395 
863708036248593 
863708036248635 
863708036248676 
863708036248775 
863708036251258 
863708036251514 
863708036251779 
863708036251878 
863708036251910 
863708036252132 
863708036252173 
863708036252272 
863708036252470 
863708036252538 
863708036252595 
863708036252793 
863708036254377 
863708036254716 
863708036255010 
863708036255036 
863708036255176 
863708036255192 
863708036255671 
863708036255697 
863708036256216 
863708036256257 
863708036256414 
863708036256497 
863708036256851 
863708036256893 
863708036257057 
863708036257131 
863708036257297 
863708036257313 
863708036257479 
863708036257594 
863708036257610 
863708036258238 
863708036258493 
863708036258535 
863708036258576 
863708036258592 
863708036258717 
863708036258998 
863708036259095 
863708036259459 
863708036259475 
863708036259855 
863708036260374 
863708036260598 
863708036260739 
863708036260994 
863708036261018 
863708036261315 
863708036261372 
863708036261950 
863708036262073 
863708036262156 
863708036262354 
863708036262396 
863708036262537 
863708036262594 
863708036262974 
863708036263055 
863708036263238 
863708036263311 
863708036263337 
863708036263410 
863708036263592 
863708036263618 
863708036263956 
863708036264053 
863708036264590 
863708036264939 
863708036265118 
863708036265415 
863708036265555 
863708036265571 
863708036265753 
863708036265811 
863708036265993 
863708036266116 
863708036266413 
863708036266439 
863708036267395 
863708036267478 
863708036267551 
863708036267619 
863708036268690 
863708036268815 
863708036269136 
863708036269250 
863708036269276 
863708036269292 
863708036269433 
863708036269474 
863708036269573 
863708036269631 
863708036269656 
863708036269854 
863708036269870 
863708036269938 
863708036270019 
863708036270290 
863708036270357 
863708036270654 
863708036270753 
863708036270878 
863708036270894 
863708036271074 
863708036271173 
863708036271371 
863708036271439 
863708036271454 
863708036271512 
863708036271637 
863708036271652 
863708036271736 
863708036271892 
863708036271991 
863708036272254 
863708036272619 
863708036272676 
863708036273559 
863708036273575 
863708036273690 
863708036273757 
863708036273773 
863708036273898 
863708036273971 
863708036274094 
863708036274193 
863708036274334 
863708036274433 
863708036274854 
863708036274995 
863708036275117 
863708036275232 
863708036277279 
863708036278152 
863708036278251 
863708036278319 
863708036278376 
863708036278459 
863708036278558 
863708036278855 
863708036279077 
863708036279135 
863708036279291 
863708036279812 
863708036280190 
863708036280638 
863708036280810 
863708036280877 
863708036282451 
863708036282592 
863708036282972 
863708036284259 
863708036284317 
863708036284358 
863708036284416 
863708036284531 
863708036284655 
863708036284937 
863708036285496 
863708036285637 
863708036285678 
863708036285793 
863708036285892 
863708036286197 
863708036286650 
863708036286858 
863708036286916 
863708036287070 
863708036287336 
863708036287476 
863708036287492 
863708036287633 
863708036287716 
863708036310013 
863708036321473 
863708036321853 
863708036322273 
863708036324477 
863708036330953 
863708036331035 
863708036331118 
863708036331217 
863708036331555 
863708036333031 
863708036333098 
863708036333379 
863708036333411 
863708036333452 
863708036333676 
863708036333973 
863708036337750 
863708036337990 
863708036338030 
863708036340093 
863708036340192 
863708036340598 
863708036343295 
863708036343451 
863708036346439 
863708036346710 
863708036347171 
863708036348450 
863708036348997 
863708036349615 
863708036350092 
863708036350191 
863708036350415 
863708036350696 
863708036350753 
863708036351959 
863708036351975 
863708036358079 
863708036358111 
863708036358178 
863708036358335 
863708036358392 
863708036358756 
863708036358830 
863708036358871 
863708036358897 
863708036377152 
863708036377897 
863708036383978 
863708036386450 
863708036386492 
863708036386518 
863708036388654 
863708036390536 
863708036392052 
863708036392219 
863708036392292 
863708036393191 
863708036393472 
863708036395311 
863708036395352 
863708036395956 
863708036396038 
863708036396830 
863708036396855 
863708036397036 
863708036397259 
863708036397317 
863708036397556 
863708036397614 
863708036397879 
863708036397911 
863708036398976 
863708036399016 
863708036399438 
863708036400137 
863708036400335 
863708036400574 
863708036400731 
863708036400756 
863708036400871 
863708036401077 
863708036401176 
863708036401713 
863708036402091 
863708036409013 
863708036409096 
863708036409419 
863708036426439 
863708036426835 
863708036426876 
863708036445959 
863708036452054 
863708036452450 
863708036455933 
863708036456253 
863708036456295 
863708036456311 
863708036456352 
863708036469793 
863708036469850 
863708036478232 
863708036478315 
863708036484099 
863708036484495 
863708036484917 
863708036484933 
863708036485294 
863708036485476 
863708036485831 
863708036485856 
863708036485997 
863708036486276 
863708036486938 
863708036487035 
863708036487191 
863708036487332 
863708036487530 
863708036487639 
863708036487811 
863708036487894 
863708036488678 
863708036488751 
863708036488918 
863708036488975 
863708036489155 
863708036489296 
863708036489775 
863708036491276 
863708036491755 
863708036491953 
863708036492290 
863708036492530 
863708036492779 
863708036492852 
863708036494296 
863708036494494 
863708036494759 
863708036495392 
863708036497257 
863708036497331 
863708036497570 
863708036497935 
863708036498016 
863708036498156 
863708036498198 
863708036498735 
863708036498933 
863708036500019 
863708036500233 
863708036500571 
863708036500910 
863708036502452 
863708036503153 
863708036503435 
863708036503815 
863708036503914 
863708036503955 
863708036504052 
863708036504177 
863708036504219 
863708036504250 
863708036505778 
863708036505893 
863708036506537 
863708036506750 
863708036507436 
863708036507659 
863708036507832 
863708036507956 
863708036509531 
863708036511453 
863708036511537 
863708036512238 
863708036512279 
863708036512956 
863708036513657 
863708036513814 
863708036514218 
863708036516619 
863708036516759 
863708036516775 
863708036516973 
863708036517195 
863708036517575 
863708036520033 
863708036520355 
863708036520611 
863708036520694 
863708036520751 
863708036520975 
863708036520991 
863708036521130 
863708036521197 
863708036521411 
863708036521791 
863708036522070 
863708036522336 
863708036523193 
863708036523599 
863708036524878 
863708036525099 
863708036525131 
863708036525818 
863708036525933 
863708036526378 
863708036529059 
863708036532335 
863708036532913 
863708036532996 
863708036536393 
863708036537896 
863708036537912 
863708036538894 
863708036539355 
863708036540338 
863708036540353 
863708036540635 
863708036540775 
863708036540833 
863708036540874 
863708036541799 
863708036543894 
863708036544710 
863708036545170 
863708036547838 
863708036547978 
863708036548158 
863708036548216 
863708036552234 
863708036552275 
863708036558397 
863708036589871 
863708036589913 
863708036604217 
863708036604258 
863708036604332 
863708036604357 
863708036604498 
863708036604779 
863708036606113 
863708036606170 
863708036611071 
863708036611618 
863708036611857 
863708036612053 
863708036612178 
863708036612517 
863708036612699 
863708036612855 
863708036613036 
863708036613077 
863708036613697 
863708036613952 
863708036614034 
863708036614075 
863708036614430 
863708036614554 
863708036614596 
863708036614752 
863708036617235 
863708036617755 
863708036618019 
863708036618217 
863708036618852 
863708036619611 
863708036619678 
863708036621872 
863708036621997 
863708036626939 
863708036632978 
863708036633034 
863708036633059 
863708036633075 
863708036633356 
863708036633398 
863708036634297 
863708036634354 
863708036637258 
863708036638835 
863708036638850 
863708036640013 
863708036640096 
863708036640195 
863708036640393 
863708036642159 
863708036642274 
863708036642779 
863708036642936 
863708036643173 
863708036643538 
863708036644056 
863708036644130 
863708036645152 
863708036645251 
863708036645335 
863708036645459 
863708036645756 
863708036645772 
863708036645871 
863708036645897 
863708036646911 
863708036647075 
863708036647190 
863708036647216 
863708036647554 
863708036647877 
863708036648016 
863708036648115 
863708036648131 
863708036648156 
863708036648255 
863708036648313 
863708036649030 
863708036649238 
863708036649295 
863708036649477 
863708036651077 
863708036651499 
863708036651911 
863708036652133 
863708036652273 
863708036652935 
863708036652950 
863708036653057 
863708036653354 
863708036653610 
863708036654394 
863708036655755 
863708036656035 
863708036656118 
863708036656316 
863708036656415 
863708036656910 
863708036657116 
863708036657371 
863708036657439 
863708036657975 
863708036660136 
863708036660235 
863708036660276 
863708036660714 
863708036661019 
863708036661498 
863708036662157 
863708036662355 
863708036663312 
863708036665275 
863708036665911 
863708036666950 
863708036667370 
863708036667594 
863708036674194 
863708036674574 
863708036730996 
863708036731077 
863708036731150 
863708036736811 
863708036736837 
863708036737215 
863708036737231 
863708036737371 
863708036737413 
863708036737736 
863708036738452 
863708036739138 
863708036739252 
863708036739310 
863708036739732 
863708036740235 
863708036740250 
863708036740359 
863708036740433 
863708036740615 
863708036740631 
863708036740714 
863708036740839 
863708036740896 
863708036740938 
863708036741357 
863708036741795 
863708036741993 
863708036742090 
863708036742439 
863708036742553 
863708036742736 
863708036743114 
863708036743270 
863708036743296 
863708036743734 
863708036743890 
863708036743932 
863708036744211 
863708036744237 
863708036744278 
863708036744732 
863708036744773 
863708036744815 
863708036745234 
863708036745275 
863708036746497 
863708036746638 
863708036748493 
863708036748790 
863708036749095 
863708036749772 
863708036751091 
863708036752339 
863708036754038 
863708036754095 
863708036754475 
863708036754574 
863708036755035 
863708036755076 
863708036755092 
863708036755217 
863708036755472 
863708036755597 
863708036755837 
863708036755852 
863708036756298 
863708036756355 
863708036756371 
863708036761876 
863708036762114 
863708036762213 
863708036762593 
863708036763252 
863708036763393 
863708036764995 
863708036765059 
863708036770893 
863708036770976 
863708036771016 
863708036771032 
863708036771115 
863708036771255 
863708036771438 
863708036771719 
863708036771776 
863708036771859 
863708036772030 
863708036772311 
863708036772857 
863708036772899 
863708036772915 
863708036773111 
863708036773293 
863708036773392 
863708036773590 
863708036773632 
863708036773798 
863708036773939 
863708036774077 
863708036774291 
863708036774739 
863708036775116 
863708036775215 
863708036776932 
863708036776973 
863708036777112 
863708036777138 
863708036777237 
863708036777435 
863708036777559 
863708036777674 
863708036777716 
863708036779936 
863708036779951 
863708036780090 
863708036780454 
863708036780793 
863708036780835 
863708036780959 
863708036781015 
863708036781155 
863708036781171 
863708036781411 
863708036781593 
863708036781932 
863708036782393 
863708036783599 
863708036783698 
863708036783870 
863708036783995 
863708036788630 
863708036791634 
863708036791659 
863708036791691 
863708036793093 
863708036803512 
863708036805590 
863708036808875 
863708036811275 
863708036833337 
863708036833451 
863708036833592 
863708036833618 
863708036833675 
863708036833816 
863708036833915 
863708036836553 
863708036844698 
863708036849655 
863708036850059 
863708036851297 
863708036851412 
863708036851974 
863708036852014 
863708036852055 
863708036852113 
863708036852196 
863708036852253 
863708036852279 
863708036852337 
863708036853558 
863708036853673 
863708036854135 
863708036854150 
863708036855694 
863708036859555 
863708036860934 
863708036865131 
863708036865297 
863708036866014 
863708036867079 
863708036867236 
863708036867475 
863708036868259 
863708036871378 
863708036874075 
863708036876252 
863708036876351 
863708036876518 
863708036877870 
863708036877896 
863708036878639 
863708036878894 
863708036879298 
863708036879371 
863708036880437 
863708036880478 
863708036880494 
863708036880775 
863708036880890 
863708036881179 
863708036883613 
863708036884215 
863708036884637 
863708036884892 
863708036886178 
863708036886350 
863708036886392 
863708036886616 
863708036887010 
863708036890113 
863708036890238 
863708036890279 
863708036890592 
863708036891038 
863708036891236 
863708036891319 
863708036891673 
863708036891798 
863708036891954 
863708036892192 
863708036892333 
863708036892531 
863708036892796 
863708036892895 
863708036893257 
863708036893299 
863708036893455 
863708036893570 
863708036893596 
863708036893778 
863708036893950 
863708036893976 
863708036894198 
863708036894552 
863708036895179 
863708036895914 
863708036896151 
863708036896219 
863708036896318 
863708036896391 
863708036896458 
863708036896599 
863708036896995 
863708036897316 
863708036897696 
863708036897852 
863708036898231 
863708036898496 
863708036898652 
863708036899411 
863708036899692 
863708036899858 
863708036900037 
863708036900391 
863708036900557 
863708036900573 
863708036900698 
863708036900730 
863708036901050 
863708036901134 
863708036901514 
863708036901571 
863708036903254 
863708036903510 
863708036903817 
863708036904070 
863708036904393 
863708036904716 
863708036904815 
863708036904955 
863708036905176 
863708036905457 
863708036905515 
863708036906190 
863708036906232 
863708036906273 
863708036906398 
863708036916231 
863708036916413 
863708036916512 
863708036916876 
863708036916991 
863708036917395 
863708036917510 
863708036917593 
863708036917635 
863708036917916 
863708036918419 
863708036918534 
863708036918591 
863708036918617 
863708036918955 
863708036918997 
863708036919250 
863708036919615 
863708036919672 
863708036919698 
863708036920076 
863708036920134 
863708036920233 
863708036920274 
863708036920654 
863708036920878 
863708036920951 
863708036921132 
863708036921215 
863708036921330 
863708036921355 
863708036921538 
863708036921959 
863708036922254 
863708036922353 
863708036922593 
863708036922916 
863708036922973 
863708036923237 
863708036923518 
863708036923658 
863708036923872 
863708036924490 
863708036924854 
863708036924870 
863708036924912 
863708036925018 
863708036925034 
863708036925414 
863708036925554 
863708036926453 
863708036926958 
863708036927519 
863708036927675 
863708036928194 
863708036928350 
863708036929077 
863708036929812 
863708036930133 
863708036930356 
863708036930851 
863708036931016 
863708036931032 
863708036931230 
863708036931859 
863708036931990 
863708036932071 
863708036932113 
863708036932634 
863708036932873 
863708036933236 
863708036933616 
863708036933731 
863708036933756 
863708036933814 
863708036933830 
863708036933939 
863708036934374 
863708036934457 
863708036934838 
863708036935314 
863708036935538 
863708036935611 
863708036935736 
863708036936171 
863708036936379 
863708036936536 
863708036936734 
863708036936957 
863708036937039 
863708036937211 
863708036937351 
863708036937856 
863708036937955 
863708036937997 
863708036938037 
863708036938276 
863708036938292 
863708036938375 
863708036938797 
863708036938854 
863708036939019 
863708036939050 
863708036939134 
863708036939373 
863708036939415 
863708036939431 
863708036939530 
863708036939613 
863708036940579 
863708036941130 
863708036941239 
863708036941478 
863708036941494 
863708036941635 
863708036941791 
863708036941817 
863708036942112 
863708036942153 
863708036942278 
863708037004953 
863708037005117 
863708037005216 
863708037005372 
863708037005752 
863708037005810 
863708037008236 
863708037010695 
863708037011750 
863708037011990 
863708037015678 
863708037016510 
863708037016676 
863708037016759 
863708037017013 
863708037018094 
863708037018136 
863708037018219 
863708037018771 
863708037018995 
863708037019076 
863708037019415 
863708037019571 
863708037019779 
863708037019852 
863708037019993 
863708037020173 
863708037038894 
863708037046491 
863708037049297 
863708037049313 
863708037056839 
863708037057134 
863708037057357 
863708037060658 
863708037060773 
863708037062035 
863708037063819 
863708037064155 
863708037064239 
863708037064619 
863708037064957 
863708037066176 
863708037066333 
863708037066358 
863708037069717 
863708037069931 
863708037070293 
863708037070319 
863708037071895 
863708037071952 
863708037072117 
863708037073230 
863708037073271 
863708037074618 
863708037076050 
863708037076191 
863708037076779 
863708037076795 
863708037090010 
863708037090077 
863708037090093 
863708037090234 
863708037090697 
863708037091075 
863708037091331 
863708037091596 
863708037091653 
863708037091711 
863708037092172 
863708037092230 
863708037092818 
863708037092917 
863708037092958 
863708037093014 
863708037093030 
863708037093154 
863708037093212 
863708037093352 
863708037093576 
863708037093659 
863708037093790 
863708037093857 
863708037093915 
863708037093931 
863708037094038 
863708037094830 
863708037094913 
863708037095175 
863708037095431 
863708037095795 
863708037095811 
863708037095837 
863708037095936 
863708037095993 
863708037100892 
863708037102294 
863708037106857 
863708037106956 
863708037107137 
863708037107194 
863708037107319 
863708037107475 
863708037107699 
863708037107855 
863708037113051 
863708037115254 
863708037115551 
863708037115932 
863708037116039 
863708037116112 
863708037116278 
863708037116419 
863708037116559 
863708037117672 
863708037117698 
863708037117870 
863708037118597 
863708037129818 
863708037138934 
863708037139379 
863708037139759 
863708037140153 
863708037140617 
863708037140815 
863708037140831 
863708037140997 
863708037141219 
863708037141334 
863708037141375 
863708037141417 
863708037141714 
863708037142092 
863708037142258 
863708037142837 
863708037143231 
863708037143330 
863708037143496 
863708037157256 
863708037159773 
863708037160094 
863708037160110 
863708037160359 
863708037160912 
863708037161134 
863708037161233 
863708037161894 
863708037162934 
863708037163577 
863708037163775 
863708037163932 
863708037164732 
863708037165176 
863708037165192 
863708037165275 
863708037165291 
863708037165317 
863708037165838 
863708037165895 
863708037166059 
863708037166117 
863708037167453 
863708037169772 
863708037171653 
863708037174418 
863708037174434 
863708037174772 
863708037175159 
863708037176637 
863708037176710 
863708037177197 
863708037177239 
863708037177890 
863708037178153 
863708037178237 
863708037182759 
863708037183013 
863708037183559 
863708037184995 
863708037185075 
863708037185133 
863708037185398 
863708037185653 
863708037185679 
863708037185778 
863708037881152 
863708037881194 
863708037881210 
863708037881236 
863708037881590 
863708037882077 
863708037882218 
863708037882234 
863708037882317 
863708037882978 
863708037883190 
863708037883455 
863708037883836 
863708037883976 
863708037884297 
863708037884511 
863708037884677 
863708037884750 
863708037884792 
863708037885179 
863708037885534 
863708037885674 
863708037885732 
863708037886094 
863708037886136 
863708037886250 
863708037886532 
863708037886672 
863708037886995 
863708037887076 
863708037887274 
863708037887290 
863708037887316 
863708037888017 
863708037888132 
863708037888314 
863708037888397 
863708037889270 
863708037889338 
863708037889395 
863708037889916 
863708037889973 
863708037890039 
863708037890435 
863708037890856 
863708037891458 
863708037891490 
863708037891532 
863708037891698 
863708037891755 
863708037891839 
863708037891870 
863708037891979 
863708037892076 
863708037892290 
863708037892530 
863708037892696 
863708037892795 
863708037892878 
863708037893017 
863708037893033 
863708037893314 
863708037893397 
863708037894353 
863708037894775 
863708037894890 
863708037894916 
863708037895194 
863708037898958 
863708037898974 
863708037899097 
863708037899295 
863708037899998 
863708037900077 
863708037900176 
863708037900630 
863708037900812 
863708037900879 
863708037900937 
863708037901273 
863708037901471 
863708037901513 
863708037901539 
863708037902636 
863708037902735 
863708037902958 
863708037903295 
863708037903394 
863708037903493 
863708037903535 
863708037903550 
863708037904137 
863708037904194 
863708037904350 
863708037904418 
863708037905456 
863708037905571 
863708037905597 
863708037905654 
863708037905696 
863708037905795 
863708037906132 
863708037906157 
863708037906298 
863708037906496 
863708037906579 
863708037906595 
863708037906678 
863708037906736 
863708037907171 
863708037907619 
863708037907650 
863708037907734 
863708037907791 
863708037907858 
863708037934753 
863708037934795 
863708037937376 
863708037940818 
863708037940990 
863708037941659 
863708037942517 
863708037943036 
863708037943853 
863708037943937 
863708037944174 
863708037944414 
863708037944455 
863708037944513 
863708037944695 
863708037944737 
863708037944919 
863708037944950 
863708037945015 
863708037945031 
863708037945056 
863708037945270 
863708037945312 
863708037945411 
863708037945692 
863708037945833 
863708037945973 
863708037946096 
863708037946336 
863708037946617 
863708037946955 
863708037947318 
863708038019752 
863708038039578 
863708038045070 
863708038045575 
863708038062877 
863708038063735 
863708038063859 
863708038067058 
863708038077495 
863708038081299 
863708038083097 
863708038084574 
863708038084673 
863708038086397 
863708038089599 
863708038096610 
863708038103838 
863708038110759 
863708038110874 
863708038110890 
863708038113779 
863708038115352 
863708038115493 
863708038115576 
863708038117457 
863708038117598 
863708038117697 
863708038118190 
863708038118216 
863708038118497 
863708038121335 
863708038122655 
863708038122671 
863708038122697 
863708038125955 
863708038126391 
863708038128215 
863708038128314 
863708038128355 
863708038128694 
863708038128736 
863708038128777 
863708038129114 
863708038129197 
863708038129411 
863708038129437 
863708038129510 
863708038129619 
863708038129734 
863708038129791 
863708038130153 
863708038130195 
863708038132092 
863708038132233 
863708038132415 
863708038132654 
863708038132795 
863708038132878 
863708038133058 
863708038133470 
863708038133538 
863708038133736 
863708038133751 
863708038133959 
863708038141572 
863708038141812 
863708038141994 
863708038142497 
863708038143115 
863708038143131 
863708038143511 
863708038143594 
863708038143636 
863708038143719 
863708038143875 
863708038144311 
863708038144394 
863708038144493 
863708038144733 
863708038148692 
863708038156851 
863708038157537 
863708038157578 
863708038157636 
863708038158295 
863708038158337 
863708038158550 
863708038158691 
863708038158972 
863708038159038 
863708038164996 
863708038166777 
863708038206276 
863708038210393 
863708038211136 
863708038212654 
863708038215137 
863708038215418 
863708038221499 
863708038245217 
863708038293530 
863708038312736 
863708038319558 
863708038326777 
863708039553114 
863708039558675 
863708039558816 
863708039559871 
863708039566454 
863708039566611 
863708039566835 
863708039610336 
863708039610377 
863708039610633 
863708039610674 
863708039611516 
863708039611532 
863708039611573 
863708039611730 
863708039611854 
863708039611896 
863708039612076 
863708039612134 
863708039612332 
863708039612654 
863708039612738 
863708039612878 
863708039612951 
863708039612993 
863708039613074 
863708039613116 
863708039613256 
863708039613298 
863708039613439 
863708039613538 
863708039613595 
863708039613777 
863708039614379 
863708039614676 
863708039615418 
863708039615517 
863708039615574 
863708039616077 
863708039616259 
863708039616416 
863708039616614 
863708039624659 
863708039625656 
863708039625730 
863708039625771 
863708039626498 
863708039626894 
863708039627231 
863708039627256 
863708039627413 
863708039627611 
863708039627652 
863708039627777 
863708039627850 
863708039628239 
863708039628270 
863708039628296 
863708039628395 
863708039628635 
863708039628734 
863708039628973 
863708039629112 
863708039639012 
863708039640259 
863708039640333 
863708039640457 
863708039640499 
863708039640531 
863708039641034 
863708039641158 
863708039641398 
863708039641794 
863708039641810 
863708039683630 
863708039714872 
863708039714930 
863708039715119 
863708039715374 
863708039715671 
863708039715754 
863708039715812 
863708039715879 
863708039715895 
863708039715911 
863708039716075 
863708039716091 
863708039716935 
863708039717032 
863708039717099 
863708039717156 
863708039717297 
863708039717313 
863708039717479 
863708039717578 
863708039717917 
863708039717958 
863708039718071 
863708039718139 
863708039720036 
863708039723113 
863708039723212 
863708039728492 
863708039731710 
863708039731819 
863808030009700 
863808030009742 
863808030009783 
863808030009825 
863808030010302 
863808030010807 
863808030011987 
863808030013629 
863808030014429 
863808030014502 
863808030014627 
863808030015061 
863808030015244 
863808030015301 
863808030015327 
863808030015624 
863808030015723 
863808030016085 
863808030017620 
863808030017661 
863808030018123 
863808030018388 
863808030018529 
863808030021366 
863808030023388 
863808030025003 
863808030025060 
863808030025862 
863808030026225 
863808030027520 
863808030031001 
863808030032504 
863808030032660 
863808030036109 
863808030036224 
863808030036489 
863808030036521 
863808030036562 
863808030036604 
863808030036620 
863808030037529 
863808030038287 
863808030038386 
863808030038527 
863808030038667 
863808030039186 
863808030039947 
863808030040028 
863808030040143 
863808030040184 
863808030040242 
863808030041943 
863808030042404 
863808030042602 
863808030042701 
863808030042909 
863808030042941 
863808030042966 
863808030082046 
863808030082749 
863808030087482 
863808030096087 
863808030097689 
863808030112900 
863808030112926 
863808030183083 
863808030183224 
863808030183240 
863808030183364 
863808030183604 
863808030186383 
863808030186466 
863808030186565 
863808030186649 
863808030187001 
863808030192746 
863808030193041 
863808030197703 
863808030198826 
863808030198883 
863808030199006 
863808030199329 
863808030200846 
863808030200887 
863808030201364 
863808030201448 
863808030201463 
863808030201521 
863808030201984 
863808030202008 
863808030202644 
863808030202925 
863808030202966 
863808030203626 
863808030203766 
863808030206421 
863808030206520 
863808030206660 
863808030206702 
863808030206728 
863808030206785 
863808030207007 
863808030207429 
863808030207544 
863808030216206 
863808030221560 
863808030222386 
863808030222444 
863808030231668 
863808030231742 
863808030232088 
863808030232468 
863808030232583 
863808030233326 
863808030233367 
863808030233466 
863808030233821 
863808030234985 
863808030246328 
863808030246849 
863808030247466 
863808030247961 
863808030257481 
863808030257580 
863808030271748 
863808030276085 
863808030276168 
863808030276622 
863808030276960 
863808030279105 
863808030289385 
863808030289401 
863808030289500 
863808030289781 
863808030289849 
863808030290045 
863808030304564 
863808030304887 
863808030308581 
863808030310942 
863808030310983 
863808030311122 
863808030316501 
863808030316980 
863808030317087 
863808030317145 
863808030317186 
863808030317202 
863808030317582 
863808030319422 
863808030319489 
863808030320263 
863808030320305 
863808030320404 
863808030320545 
863808030320560 
863808030320644 
863808030320685 
863808030321485 
863808030321501 
863808030321741 
863808030321782 
863808030321881 
863808030322160 
863808030322269 
863808030326666 
863808030326682 
863808030326740 
863808030326963 
863808030327029 
863808030327102 
863808030327904 
863808030327946 
863808030328340 
863808030328407 
863808030328506 
863808030328969 
863808030329009 
863808030329280 
863808030329348 
863808030329587 
863808030329603 
863808030329983 
863808030330403 
863808030330569 
863808030330742 
863808030330940 
863808030331005 
863808030331088 
863808030331104 
863808030331146 
863808030338463 
863808030338521 
863808030339586 
863808030342168 
863808030342200 
863808030342226 
863808030342382 
863808030345021 
863808030386769 
863808030391348 
863808030392908 
863808030393062 
863808030393088 
863808030399580 
863808030657250 
863808030831012 
863808030831277 
863808030831350 
863808030832119 
863808030832416 
863808030832531 
863808030832572 
863808030832754 
863808030833091 
863808030836037 
863808030836052 
863808030836094 
863808030836151 
863808030836235 
863808030836813 
863808030836870 
863808030837159 
863808030837456 
863808030837514 
863808030837738 
863808030837779 
863808030837852 
863808030838074 
863808030838256 
863808030838736 
863808030838835 
863808030838850 
863808030839270 
863808030839437 
863808030841730 
863808030841771 
863808030841896 
863808030843850 
863808030843918 
863808030844395 
863808030891131 
863808030898250 
863808030898276 
863808030898318 
863808030898615 
863808030906913 
863808030907259 
863808030907432 
863808030907515 
863808030907598 
863808030912911 
863808030913059 
863808030913299 
863808030917274 
863808030993093 
863808030994877 
863808031001896 
863808031002399 
863808031007398 
863808031007695 
863808031007950 
863808031007976 
863808031008156 
863808031008271 
863808031008479 
863808031008891 
863808031008990 
863808031009170 
863808031018817 
863808031020078 
863808031020151 
863808031033857 
863808031042635 
863808031042791 
863808031043278 
863808031043971 
863808031045398 
863808031053855 
863808031058615 
863808031183793 
863808031183892 
863808031184155 
863808031184353 
863808031184379 
863808031184395 
863808031185194 
863808031185574 
863808031185590 
863808031185632 
863808031185996 
863808031186176 
863808031186390 
863808031186457 
863808031186697 
863808031186879 
863808031187117 
863808031187273 
863808031187331 
863808031187356 
863808031187679 
863808031187711 
863808031187778 
863808031188354 
863808031188735 
863808031188834 
863808031188891 
863808031189014 
863808031189394 
863808031189634 
863808031189998 
863808031190194 
863808031190251 
863808031190392 
863808031190418 
863808031190475 
863808031190517 
863808031190558 
863808031190954 
863808031191416 
863808031191713 
863808031191838 
863808031191978 
863808031193313 
863808031193412 
863808031193552 
863808031193651 
863808031193677 
863808031194030 
863808031194097 
863808031198437 
863808031198551 
863808031198775 
863808031198833 
863808031198999 
863808031199492 
863808031199534 
863808031199914 
863808031201215 
863808031201454 
863808031214234 
863808031214572 
863808031214655 
863808031219753 
863808031219837 
863808031220256 
863808031220777 
863808031220918 
863808031221239 
863808031221635 
863808031221817 
863808031222013 
863808031222039 
863808031222153 
863808031222294 
863808031222898 
863808031223078 
863808031223318 
863808031223599 
863808031224050 
863808031224316 
863808031224852 
863808031225172 
863808031225479 
863808031225636 
863808031225818 
863808031225834 
863808031226758 
863808031226956 
863808031227434 
863808031228176 
863808031228259 
863808031228796 
863808031229018 
863808031229117 
863808031229190 
863808031229539 
863808031229638 
863808031229976 
863808031230370 
863808031230438 
863808031230610 
863808031230974 
863808031231238 
863808031231691 
863808031232533 
863808031232657 
863808031232715 
863808031234299 
863808031234737 
863808031234877 
863808031234976 
863808031235155 
863808031235239 
863808031235858 
863808031236096 
863808031236518 
863808031236534 
863808031236955 
863808031237037 
863808031237078 
863808031237110 
863808031237177 
863808031237615 
863808031237813 
863808031237870 
863808031238175 
863808031238290 
863808031238357 
863808031238399 
863808031238498 
863808031238712 
863808031238993 
863808031239017 
863808031239454 
863808031239512 
863808031239595 
863808031239611 
863808031239710 
863808031239876 
863808031240031 
863808031240056 
863808031240130 
863808031240254 
863808031240635 
863808031240759 
863808031240833 
863808031240916 
863808031241237 
863808031241658 
863808031241898 
863808031242052 
863808031242292 
863808031242334 
863808031242458 
863808031242490 
863808031243472 
863808031243597 
863808031243670 
863808031363932 
863808031364070 
863808031364435 
863808031364732 
863808031365010 
863808031365077 
863808031365135 
863808031365192 
863808031365259 
863808031365390 
863808031365473 
863808031365655 
863808031365754 
863808031366190 
863808031366398 
863808031366778 
863808031366877 
863808031366919 
863808031367172 
863808031367453 
863808031367750 
863808031367933 
863808031368311 
863808031368337 
863808031368550 
863808031368592 
863808031369376 
863808031369871 
863808031370119 
863808031370358 
863808031370630 
863808031370754 
863808031370853 
863808031371034 
863808031371398 
863808031371539 
863808031371653 
863808031371737 
863808031371919 
863808031371950 
863808031372073 
863808031372271 
863808031372354 
863808031372594 
863808031372875 
863808031372891 
863808031373030 
863808031373097 
863808031373451 
863808031373733 
863808031373857 
863808031373956 
863808031373972 
863808031374111 
863808031374210 
863808031374392 
863808031374590 
863808031374657 
863808031374772 
863808031375035 
863808031375076 
863808031375118 
863808031375217 
863808031375290 
863808031375472 
863808031389093 
863808031389515 
863808031389531 
863808031389713 
863808031390018 
863808031390810 
863808031391214 
863808031391396 
863808031391412 
863808031391479 
863808031391537 
863808031391891 
863808031391974 
863808031392030 
863808031392139 
863808031392212 
863808031392410 
863808031392477 
863808031392691 
863808031392717 
863808031392758 
863808031392832 
863808031392857 
863808031392873 
863808031393277 
863808031393293 
863808031393392 
863808031396171 
863808031396197 
863808031396338 
863808031396932 
863808031399670 
863808031424353 
863808031424411 
863808031424734 
863808031428412 
863808031543871 
863808031550355 
863808031565619 
863808031565775 
863808031576236 
863808031583273 
863808031584057 
863808031584073 
863808031584230 
863808031584578 
863808031585013 
863808031585039 
863808031585336 
863808031585450 
863808031585534 
863808031585716 
863808031585898 
863808031586052 
863808031586094 
863808031586250 
863808031586276 
863808031586490 
863808031588397 
863808031588538 
863808031588876 
863808031589031 
863808031589098 
863808031589338 
863808031589411 
863808031590054 
863808031590211 
863808031590252 
863808031590294 
863808031590336 
863808031590872 
863808031593330 
863808031593371 
863808031594114 
863808031594130 
863808031594338 
863808031594510 
863808031594536 
863808031594551 
863808031594775 
863808031594890 
863808031594973 
863808031594999 
863808031595012 
863808031595053 
863808031599295 
863808031602511 
863808031602578 
863808031663794 
863808031663877 
863808031664099 
863808031664198 
863808031664230 
863808031664354 
863808031664396 
863808031664552 
863808031667910 
863808031667951 
863808031668231 
863808031668413 
863808031668439 
863808031668454 
863808031668512 
863808031668850 
863808031668892 
863808031669130 
863808031669171 
863808031669197 
863808031669270 
863808031669312 
863808031669635 
863808031669874 
863808031669916 
863808031670294 
863808031670492 
863808031670658 
863808031670997 
863808031671177 
863808031671490 
863808031671516 
863808031671532 
863808031671599 
863808031671656 
863808031671896 
863808031671938 
863808031672076 
863808031672118 
863808031672753 
863808031673116 
863808031673355 
863808031673470 
863808031673652 
863808031673694 
863808031673751 
863808031673835 
863808031673918 
863808031673975 
863808031674072 
863808031674353 
863808031674395 
863808031674411 
863808031674494 
863808031674619 
863808031674973 
863808031675251 
863808031675293 
863808031675657 
863808031675756 
863808031676077 
863808031676234 
863808031676291 
863808031676317 
863808031676432 
863808031677174 
863808031677257 
863808031677471 
863808031677497 
863808031677877 
863808031677976 
863808031677992 
863808031678511 
863808031678693 
863808031678750 
863808031678792 
863808031678933 
863808031678990 
863808031679238 
863808031679394 
863808031679410 
863808031679576 
863808031679816 
863808031679899 
863808031679956 
863808031679972 
863808031680434 
863808031680772 
863808031680798 
863808031680939 
863808031681671 
863808031682455 
863808031682471 
863808031682497 
863808031682570 
863808031682596 
863808031682612 
863808031682679 
863808031682737 
863808031682810 
863808031744032 
863808031744099 
863808031749890 
863808031750252 
863808031763172 
863808031763297 
863808031809710 
863808031831011 
863808031839113 
863808031839311 
863808031839659 
863808031839832 
863808031839931 
863808031893250 
863808031893292 
863808031893417 
863808031893458 
863808031906672 
863808031906755 
863808031907233 
863808031910955 
863808031920517 
863808031920731 
863808031923099 
863808031923495 
863808031927876 
863808031927934 
863808031928114 
863808031928171 
863808031928213 
863808031928338 
863808031928478 
863808031928551 
863808031928577 
863808031928692 
863808031933098 
863808031933718 
863808031933817 
863808031934179 
863808031934237 
863808031934393 
863808031934435 
863808031934617 
863808031938410 
863808031941315 
863808031941372 
863808031972955 
863808031980578 
863808031989330 
863808032000673 
863808032002752 
863808032002836 
863808032003115 
863808032003131 
863808032003172 
863808032013437 
863808032015937 
863808032016430 
863808032016539 
863808032017537 
863808032018790 
863808032018972 
863808032019996 
863808032020010 
863808032021638 
863808032021695 
863808032021737 
863808032021919 
863808032021992 
863808032022057 
863808032038657 
863808032058051 
863808032058119 
863808032058176 
863808032064356 
863808032064455 
863808032064596 
863808032065437 
863808032065759 
863808032067193 
863808032067631 
863808032069215 
863808032069439 
863808032069751 
863808032070932 
863808032078596 
863808032078794 
863808032080436 
863808032080790 
863808032080931 
863808032080972 
863808032081236 
863808032081558 
863808032083653 
863808032095756 
863808032100911 
863808032100952 
863808032101034 
863808032101059 
863808032101810 
863808032101919 
863808032102032 
863808032102271 
863808032103717 
863808032103758 
863808032103790 
863808032103998 
863808032104079 
863808032104178 
863808032104392 
863808032105357 
863808032105373 
863808032105571 
863808032110738 
863808032111272 
863808032111397 
863808032111637 
863808032122634 
863808032122857 
863808032123236 
863808032123335 
863808032123574 
863808032123632 
863808032125793 
863808032126510 
863808032127930 
863808032128292 
863808032128417 
863808032128474 
863808032129993 
863808032130157 
863808032130272 
863808032134837 
863808032134910 
863808032136196 
863808032136550 
863808032156194 
863808032156210 
863808032157051 
863808032157275 
863808032157291 
863808032157416 
863808032157473 
863808032157655 
863808032157838 
863808032157853 
863808032157994 
863808032159115 
863808032159339 
863808032159578 
863808032159651 
863808032160758 
863808032160790 
863808032160816 
863808032160998 
863808032161079 
863808032162119 
863808032165237 
863808032177976 
863808032178057 
863808032179030 
863808032185912 
863808032185979 
863808032187835 
863808032188635 
863808032190094 
863808032190250 
863808032190276 
863808032193973 
863808032194179 
863808032194252 
863808032194856 
863808032195135 
863808032209134 
863808032209159 
863808032209217 
863808032222038 
863808032229751 
863808032229892 
863808032230072 
863808032230635 
863808032232110 
863808032239099 
863808032248132 
863808032248710 
863808032248793 
863808032249312 
863808032249692 
863808032251193 
863808032251292 
863808032254114 
863808032254130 
863808032255079 
863808032256275 
863808032256879 
863808032263156 
863808032263297 
863808032263453 
863808032263495 
863808032263511 
863808032264691 
863808032264717 
863808032264857 
863808032265573 
863808032274674 
863808032281596 
863808032281711 
863808032281919 
863808032294870 
863808032877617 
863808033030679 
863808033054117 
863808033054299 
863808033109119 
863808033109150 
863808033109291 
863808033109713 
863808033109838 
863808033110059 
863808033110117 
863808033110158 
863808033110216 
863808033110992 
863808033111032 
863808033111214 
863808033111271 
863808033111537 
863808033111859 
863808033111958 
863808033112451 
863808033112477 
863808033112790 
863808033113194 
863808033113293 
863808033113491 
863808033113632 
863808033113798 
863808033113996 
863808033114051 
863808033114150 
863808033114259 
863808033114333 
863808033114515 
863808033114754 
863808033115074 
863808033115751 
863808033116031 
863808033116056 
863808033116130 
863808033116239 
863808033116254 
863808033116270 
863808033130198 
863808033130255 
863808033130511 
863808033130578 
863808033130677 
863808033130750 
863808033130792 
863808033130974 
863808033146897 
863808033146913 
863808033147176 
863808033147291 
863808033147432 
863808033148018 
863808033148430 
863808033148471 
863808033148570 
863808033148695 
863808033148778 
863808033149214 
863808033149230 
863808033149339 
863808033149693 
863808033149792 
863808033149859 
863808033150113 
863808033150451 
863808033150477 
863808033150733 
863808033150758 
863808033151293 
863808033151913 
863808033152051 
863808033152077 
863808033152176 
863808033152416 
863808033152911 
863808033153257 
863808033153331 
863808033153430 
863808033153950 
863808033165210 
863808033165475 
863808033179997 
863808033180011 
863808033180052 
863808033180110 
863808033180219 
863808033180334 
863808033180359 
863808033180458 
863808033181134 
863808033181233 
863808033181357 
863808033181373 
863808033181571 
863808033181613 
863808033181639 
863808033181654 
863808033181670 
863808033181753 
863808033182033 
863808033182058 
863808033182173 
863808033183072 
863808033183114 
863808033183312 
863808033184419 
863808033184450 
863808033184591 
863808033195514 
863808033211436 
863808033211550 
863808033211899 
863808033211972 
863808033212376 
863808033212459 
863808033212517 
863808033212756 
863808033212871 
863808033212954 
863808033213135 
863808033213374 
863808033213630 
863808033213713 
863808033213937 
863808033214091 
863808033214273 
863808033214299 
863808033214331 
863808033214679 
863808033275951 
863808033275977 
863808033277536 
863808033285877 
863808033295579 
863808033463318 
863808033463573 
863808033463631 
863808033463730 
863808033463797 
863808033464472 
863808033464878 
863808033484959 
863808033484991 
863808033492077 
863808033492952 
863808033494339 
863808033494412 
863808033494495 
863808033495294 
863808033496177 
863808033496292 
863808033496417 
863808033497779 
863808033497811 
863808033504459 
863808033504491 
863808033504772 
863808033504855 
863808033504996 
863808033505092 
863808033505597 
863808033506793 
863808033506876 
863808033507056 
863808033507213 
863808033507536 
863808033507718 
863808033508674 
863808033510456 
863808033510654 
863808033510852 
863808033510894 
863808033513138 
863808033523111 
863808033523517 
863808033523574 
863808033523632 
863808033523657 
863808033524176 
863808033524416 
863808033524630 
863808033524655 
863808033524697 
863808033524853 
863808033524978 
863808033525298 
863808033525751 
863808033525777 
863808033526239 
863808033526296 
863808033526312 
863808033526379 
863808033531551 
863808033531973 
863808033531999 
863808033532112 
863808033532237 
863808033532336 
863808033532435 
863808033532559 
863808033532575 
863808033533979 
863808033534530 
863808033535115 
863808033535354 
863808033535511 
863808033539471 
863808033539497 
863808033540214 
863808033540339 
863808033540396 
863808033540438 
863808033542772 
863808033543093 
863808033543697 
863808033543952 
863808033544497 
863808033544679 
863808033546633 
863808033546773 
863808033547433 
863808033548019 
863808033548076 
863808033548092 
863808033548332 
863808033548571 
863808033549538 
863808033549637 
863808033549835 
863808033549850 
863808033550072 
863808033550239 
863808033550254 
863808033550270 
863808033550437 
863808033550536 
863808033550759 
863808033550890 
863808033550916 
863808033552193 
863808033552219 
863808033552292 
863808033552391 
863808033552490 
863808033552516 
863808033552532 
863808033552573 
863808033552631 
863808033552953 
863808033554611 
863808033554652 
863808033554793 
863808033554934 
863808033554975 
863808033555030 
863808033555055 
863808033561335 
863808033562135 
863808033562317 
863808033562499 
863808033562739 
863808033562994 
863808033563034 
863808033563299 
863808033563315 
863808033563356 
863808033563455 
863808033563695 
863808033566490 
863808033566631 
863808033566912 
863808033566953 
863808033570377 
863808033570450 
863808033570476 
863808033570617 
863808033570658 
863808033570690 
863808033570716 
863808033570732 
863808033571136 
863808033571193 
863808033573579 
863808033573876 
863808033574056 
863808033574197 
863808033574916 
863808033575798 
863808033575855 
863808033576358 
863808033576598 
863808033576739 
863808033576994 
863808033577372 
863808033577513 
863808033578255 
863808033578438 
863808033578552 
863808033578875 
863808033578917 
863808033579352 
863808033582414 
863808033582976 
863808033582992 
863808033586613 
863808033587959 
863808033587991 
863808033633910 
863808033695133 
863808033695653 
863808033696438 
863808033696891 
863808033706211 
863808033772254 
863808033772296 
863808033772791 
863808033773070 
863808033775158 
863808033775299 
863808033775539 
863808033775653 
863808033775695 
863808033775778 
863808033775919 
863808033776016 
863808033776677 
863808033776693 
863808033776933 
863808033777139 
863808033777196 
863808033777279 
863808033777311 
863808033783533 
863808033783590 
863808033783632 
863808033783699 
863808033783772 
863808033784010 
863808033784051 
863808033784234 
863808033784259 
863808033784358 
863808033784374 
863808033784614 
863808033790751 
863808033790777 
863808033791593 
863808033793078 
863808033793094 
863808033793474 
863808033793813 
863808033793896 
863808033794159 
863808033794936 
863808033797335 
863808033797699 
863808033811490 
863808033811516 
863808033811532 
863808033813017 
863808033818537 
863808033818693 
863808033822430 
863808033823339 
863808033823396 
863808033823495 
863808033824972 
863808033825599 
863808033825771 
863808033825896 
863808033825995 
863808033826399 
863808033826811 
863808033826852 
863808033826910 
863808033833759 
863808033835093 
863808033838493 
863808033839830 
863808033839855 
863808033841455 
863808033841653 
863808033841679 
863808033842057 
863808033842099 
863808033842214 
863808033842230 
863808033842339 
863808033842479 
863808033842636 
863808033842735 
863808033842750 
863808033842818 
863808033842990 
863808033843493 
863808033843790 
863808033843816 
863808033844376 
863808033844418 
863808033844558 
863808033844673 
863808033851017 
863808033851058 
863808033851637 
863808033852031 
863808033852353 
863808033852692 
863808033852734 
863808033852759 
863808033853955 
863808033853971 
863808033854037 
863808033854052 
863808033856594 
863808033860257 
863808033865694 
863808033865835 
863808033865918 
863808033865934 
863808033866015 
863808033866114 
863808033866676 
863808033867070 
863808033867336 
863808033867377 
863808033867476 
863808033867633 
863808033867658 
863808033867757 
863808033867955 
863808033868318 
863808033868516 
863808033868631 
863808033868755 
863808033868771 
863808033869191 
863808033869316 
863808033869498 
863808033869795 
863808033870892 
863808033870975 
863808033871072 
863808033872138 
863808033873912 
863808033873938 
863808033874019 
863808033874134 
863808033874373 
863808033874415 
863808033874472 
863808033874498 
863808033874597 
863808033874613 
863808033875115 
863808033876493 
863808033876535 
863808033876691 
863808033876857 
863808033876873 
863808033876915 
863808033876956 
863808033877053 
863808033877798 
863808033877855 
863808033877871 
863808033880594 
863808033882350 
863808033882376 
863808033882996 
863808033903313 
863808033907595 
863808033945678 
863808033950173 
863808033950272 
863808033951437 
863808033952518 
863808033953953 
863808033954530 
863808033954597 
863808033954696 
863808033955156 
863808033955255 
863808033955271 
863808033955479 
863808033955537 
863808033955693 
863808033955719 
863808033955735 
863808033955990 
863808033956956 
863808033957236 
863808033963879 
863808033963911 
863808033964059 
863808033964232 
863808033964471 
863808033972052 
863808033972136 
863808033972235 
863808033973878 
863808033980436 
863808033980477 
863808033980733 
863808033981830 
863808033984479 
863808033984495 
863808033984792 
863808033984859 
863808033984974 
863808033985294 
863808033985336 
863808033990054 
863808033990138 
863808033992530 
863808033992571 
863808033992654 
863808033992738 
863808033992894 
863808033992993 
863808033993074 
863808033993330 
863808033993397 
863808033993751 
863808033993876 
863808033993918 
863808033994015 
863808033994874 
863808033997257 
863808033997299 
863808033997497 
863808033997711 
863808033997794 
863808033997919 
863808033998032 
863808033998131 
863808033998172 
863808033998230 
863808033998370 
863808033998412 
863808033998610 
863808034000333 
863808034000374 
863808034001950 
863808034002230 
863808034002933 
863808034002974 
863808034003030 
863808034003071 
863808034004889 
863808034005480 
863808034005621 
863808034006702 
863808034006785 
863808034006827 
863808034007361 
863808034008500 
863808034008526 
863808034008765 
863808034008880 
863808034009409 
863808034009540 
863808034009581 
863808034009946 
863808034009987 
863808034010027 
863808034010084 
863808034010803 
863808034010860 
863808034010902 
863808034010985 
863808034011025 
863808034011306 
863808034011322 
863808034011504 
863808034011983 
863808034012007 
863808034012080 
863808034012288 
863808034012346 
863808034012924 
863808034013005 
863808034013088 
863808034013203 
863808034013245 
863808034013864 
863808034013948 
863808034014243 
863808034014581 
863808034014805 
863808034014920 
863808034015562 
863808034015604 
863808034015927 
863808034016123 
863808034016164 
863808034016867 
863808034016925 
863808034017162 
863808034018665 
863808034018681 
863808034018749 
863808034019028 
863808034019101 
863808034019184 
863808034019226 
863808034019507 
863808034020463 
863808034021222 
863808034021446 
863808034022089 
863808034022329 
863808034022360 
863808034022543 
863808034022584 
863808034022600 
863808034023160 
863808034023202 
863808034023285 
863808034023384 
863808034023525 
863808034023566 
863808034023582 
863808034023608 
863808034023749 
863808034024424 
863808034025280 
863808034025421 
863808034025504 
863808034030249 
863808034030363 
863808034033490 
863808034040271 
863808034040479 
863808034041733 
863808034041972 
863808034042210 
863808034042251 
863808034042277 
863808034042392 
863808034042772 
863808034042954 
863808034043036 
863808034043119 
863808034043291 
863808034047490 
863808034047557 
863808034047631 
863808034048415 
863808034048878 
863808034049215 
863808034049256 
863808034049298 
863808034049413 
863808034049454 
863808034050031 
863808034050114 
863808034050452 
863808034050916 
863808034051112 
863808034051211 
863808034051278 
863808034051450 
863808034051633 
863808034051757 
863808034051930 
863808034052094 
863808034052136 
863808034052599 
863808034052656 
863808034052698 
863808034052714 
863808034052755 
863808034053456 
863808034053613 
863808034053977 
863808034054314 
863808034054439 
863808034054538 
863808034055956 
863808034056137 
863808034056293 
863808034056319 
863808034056616 
863808034056673 
863808034058216 
863808034058430 
863808034058455 
863808034058539 
863808034058919 
863808034059057 
863808034059073 
863808034059552 
863808034059834 
863808034060170 
863808034060337 
863808034060436 
863808034060733 
863808034060816 
863808034087512 
863808034091274 
863808034091373 
863808034100877 
863808034110132 
863808034112831 
863808034112872 
863808034113573 
863808034114258 
863808034118937 
863808034119117 
863808034119174 
863808034119877 
863808034122111 
863808034122517 
863808034122533 
863808034122756 
863808034136491 
863808034136574 
863808034136830 
863808034137598 
863808034137697 
863808034137937 
863808034138216 
863808034138752 
863808034138893 
863808034139156 
863808034139198 
863808034139313 
863808034139412 
863808034139610 
863808034139818 
863808034140139 
863808034140311 
863808034140410 
863808034140477 
863808034140618 
863808034141418 
863808034141475 
863808034141491 
863808034141533 
863808034141590 
863808034141731 
863808034141756 
863808034141772 
863808034142531 
863808034142655 
863808034142739 
863808034142796 
863808034142838 
863808034142895 
863808034143273 
863808034143372 
863808034143497 
863808034143778 
863808034143893 
863808034143976 
863808034144412 
863808034144438 
863808034144651 
863808034144859 
863808034145492 
863808034145518 
863808034145617 
863808034145799 
863808034145914 
863808034146011 
863808034146391 
863808034146532 
863808034146573 
863808034146839 
863808034146912 
863808034147399 
863808034147415 
863808034147472 
863808034147753 
863808034148173 
863808034148470 
863808034148637 
863808034149155 
863808034149338 
863808034150351 
863808034150419 
863808034150732 
863808034150773 
863808034151250 
863808034151375 
863808034151516 
863808034151557 
863808034151672 
863808034152175 
863808034153074 
863808034160335 
863808034160418 
863808034160897 
863808034160996 
863808034161531 
863808034161572 
863808034161598 
863808034161614 
863808034161630 
863808034161697 
863808034161812 
863808034162018 
863808034162299 
863808034166274 
863808034166316 
863808034166415 
863808034166654 
863808034166779 
863808034167231 
863808034167272 
863808034167298 
863808034167439 
863808034167496 
863808034167553 
863808034167579 
863808034167637 
863808034167975 
863808034168452 
863808034168494 
863808034168692 
863808034169070 
863808034169153 
863808034169450 
863808034169658 
863808034169690 
863808034169930 
863808034170557 
863808034170631 
863808034170797 
863808034170979 
863808034171472 
863808034171852 
863808034172355 
863808034172371 
863808034172439 
863808034173155 
863808034173254 
863808034173312 
863808034173353 
863808034173692 
863808034173734 
863808034173817 
863808034173890 
863808034174351 
863808034174732 
863808034174757 
863808034174914 
863808034175036 
863808034175291 
863808034175333 
863808034175374 
863808034175416 
863808034175531 
863808034175572 
863808034175853 
863808034176059 
863808034176190 
863808034176455 
863808034176539 
863808034176554 
863808034176570 
863808034176612 
863808034176752 
863808034176794 
863808034176836 
863808034177453 
863808034177636 
863808034177958 
863808034177974 
863808034178279 
863808034178477 
863808034178659 
863808034178774 
863808034178816 
863808034178857 
863808034179053 
863808034179137 