864162039994572 
864162039969954 
864162039968519 
864162039803195 
864162039800993 
864162039800977 
864162039772671 
864162039764496 
864162039763993 
864162039763852 
864162039759819 
864162039759512 
864162039754737 
864162039753994 
864162039739076 
864162039738870 
864162039682490 
864162039672632 
864162039565935 
864162039565836 
864162039557676 
864162039557619 
864106035762350 
864106035762277 
864106035762236 
864106035762210 
864106035762194 
864106035761972 
864106035761311 
864106035761295 
864106035759018 
864106035758952 
864106035758499 
864106035757699 
864106035739879 
864106035739531 
864106035738475 
864106035727635 
864106035727056 
864106035726835 
864106035725399 
864106035723998 
864106035722370 
864106035722339 
864106035722313 
864106035722297 
864106035721257 
864106035721075 
864106035720812 
864106035703339 
864106035701358 
864106035701234 
864106035701036 
864106035700970 
864106035700731 
864106035700517 
864106035608298 
864106035608116 
864106035605971 
864106035605013 
864106035604917 
864106035604818 
864106035603455 
864106035602390 
864106035600618 
864106035597012 
864106035595735 
864106035595719 
864106035595495 
864106035595032 
864106035591635 
864106035591379 
864106035591072 
864106035586510 
864106035585694 
864106035585496 
864106035585371 
864106035584879 
864106035584671 
864106035584390 
864106035584374 
864106035583137 
864106035581610 
864106035458678 
864106035365733 
864106035365477 
864106035365113 
864106035364850 
864106035363431 
864106035359355 
864106035358811 
864106035358316 
864106035358217 
864106035357490 
864106035357375 
864106035313956 
864106035310937 
864106035309855 
864106035309699 
864106035309533 
864106035305952 
864106035305051 
864106035304039 
864106035196930 
864106035193374 
864106035189737 
864106035126770 
864106035126051 
864106035125996 
864106035125434 
864106035125053 
864106035124932 
864106035124874 
864106035105154 
864106035103472 
864106034998237 
864106034997197 
864106034996710 
864106034995753 
864106034995571 
864106034993436 
864106034993253 
864106034993170 
864106034991935 
864106034988030 
864106034985291 
864106034954636 
864106034862474 
864106034862458 
864106034849034 
864106034849018 
864106034848614 
864106034848358 
864106034847152 
864106034844639 
864106034843193 
864106034819391 
864106034774356 
864106034774273 
864106034760470 
864106034760439 
864106034760231 
864106034707596 
864106034706614 
864106034705913 
864106034705210 
864106034696351 
864106034696336 
864106034676270 
864106034661918 
864106034634717 
864106034587675 
864106034587295 
864106034586891 
864106034586875 
864106034576850 
864106034520452 
864106034520312 
864106034520155 
864106034397190 
864106034396911 
864106034395939 
864106034395673 
864106034395079 
864106034392852 
864106034392837 
864106034392811 
864106034390856 
864106034361436 
864106034361055 
864106034361014 
864106034359273 
864106034351015 
864106034350793 
864106034350777 
864106034350496 
864106034349217 
864106034349159 
864106034348516 
864106034348490 
864106034311910 
864106034309476 
864106034307819 
864106034240937 
864106034212134 
864106034211573 
864106034204479 
864106034175034 
864106034174334 
864106034072975 
864106034072793 
864106034069450 
864106034065417 
864106034064899 
864106034064816 
864106034064071 
864106034011650 
864106033852872 
864106033852815 
864106033819053 
864106033814617 
864106033791997 
864106033791914 
864106033771494 
864106033770991 
864106033770314 
864106033770058 
864106033768474 
864106033768458 
864106033767591 
864106033762436 
864106033651753 
864106033650490 
864106033647777 
864106033647553 
864106033647470 
864106033644691 
864106033641051 
864106033640897 
864106033639113 
864106033637836 
864106033631110 
864106033631078 
864106033630930 
864106033611971 
864106033360777 
864106033360694 
864106033356338 
864106033339078 
864106033338898 
864106033338492 
864106033329095 
864106033328774 
864106033328592 
864106033269176 
864106033268392 
864106033263179 
864106033259755 
864106033255290 
864106033254830 
864106033251539 
864106033251331 
864106033250713 
864106033250432 
864106033169376 
864106033169335 
864106033169293 
864106033168097 
864106033166414 
864106033160193 
864106033157314 
864106033154758 
864106033154253 
864106033152513 
864106033145475 
864106033144270 
864106033143199 
864106033140674 
864106033140633 
864106033140013 
864106033139973 
864106033139718 
864106033138371 
864106033138330 
864106033138298 
864106033138157 
864106033120734 
864106033120593 
864106033101197 
864106032940033 
864106032935199 
864106032935173 
864106032928954 
864106032928079 
864106032928012 
864106032922395 
864106032920779 
864106032920639 
864106032919151 
864106032917338 
864106032917031 
864106032915894 
864106032915555 
864106032914798 
864106032914277 
864106032914194 
864106032911950 
864106032911752 
864106032910630 
864106032910457 
864106032910077 
864106032909814 
864106032668618 
864106032668550 
864106032668238 
864106032667677 
864106032667057 
864106032666976 
864106032581712 
864106032573172 
864106032572299 
864106032506032 
864106032504433 
864106032504375 
864106032504037 
864106032493678 
864106032490898 
864106032490450 
864106032474892 
864106032458275 
864106032458218 
864106032458051 
864106032450355 
864106032449373 
864106032447955 
864106032447815 
864106032446353 
864106032442477 
864106032442436 
864106032391716 
864106032391377 
864106032376295 
864106032376014 
864106032372518 
864106032372013 
864106032371999 
864106032351553 
864106032343915 
864106032339699 
864106032311276 
864106032310492 
864106032308736 
864106032308314 
864106032298390 
864106032298374 
864106032298259 
864106032273716 
864106032273153 
864106032272452 
864106032271694 
864106032271090 
864106032271033 
864106032269573 
864106032268773 
864106032255218 
864106032247876 
864106031787450 
864106031772130 
864106031616154 
864106031614472 
864106031614258 
864106031612336 
864106031611536 
864106031611437 
864106031464878 
864106031463938 
864106031462799 
864106031462732 
864106031413438 
864106031413354 
864106031401672 
864106031401375 
864106031398837 
864106031390131 
864106031390115 
864106031389976 
864106031388572 
864106031387756 
864106031382070 
864106031381734 
864106031381213 
864106031381098 
864106031379316 
864106031379290 
864106031379233 
864106031379191 
864106031379159 
864106031378615 
864106031361793 
864106030401376 
864106030400634 
864106030400279 
864106030390090 
864106030357438 
864106030083232 
864106030083190 
864106030012215 
863996039938332 
863996039937193 
863996039929034 
863996039928614 
863996039873570 
863996039871954 
863996039850297 
863996039735951 
863996039735878 
863996039733899 
863996039730937 
863996039724971 
863996039724757 
863996039715995 
863996039715953 
863996039714915 
863996039710434 
863996039710178 
863996039709717 
863996039708230 
863996039707992 
863996039472456 
863996039470575 
863996039470393 
863996039466599 
863996039460212 
863996039432112 
863996039432096 
863996039431932 
863996039431692 
863996039431114 
863996039430892 
863996039430850 
863996039429571 
863996039428631 
863996039405639 
863996039405514 
863996039405431 
863996039405316 
863996039405175 
863996039405050 
863996039404830 
863996038814179 
863996038813932 
863996038796178 
863996038795717 
863996038793530 
863996038793498 
863996038793431 
863996038790874 
863996038784075 
863996038783838 
863996038783374 
863996038782939 
863996038781915 
863996038702598 
863996038702473 
863996038702291 
863996038660374 
863996038659491 
863996038655754 
863996038640434 
863996038599978 
863996038599275 
863996038599259 
863996038599234 
863996038579772 
863996038579319 
863996038579277 
863996038465790 
863996038465758 
863996038462599 
863996038462193 
863996038461633 
863996038457011 
863996038444373 
863996038443276 
863996038442997 
863996038442773 
863996038442633 
863996038432311 
863996037748931 
863996037600611 
863996037599672 
863996037577918 
863996037577892 
863996037576977 
863996037576936 
863996037576274 
863996037575276 
863996037575136 
863996037575094 
863996037575078 
863996037575052 
863996037574097 
863996037563470 
863996037556078 
863996037555591 
863996037554933 
863996037554792 
863996037554354 
863996037548893 
863996037547978 
863996037547671 
863996037547176 
863996037546996 
863996037546657 
863996037546475 
863996037546178 
863996037545618 
863996037545451 
863996037544918 
863996037530677 
863996037527996 
863996037527616 
863996037523771 
863996037523433 
863996037522393 
863996037521239 
863996037519878 
863996037477374 
863996037468571 
863996037466914 
863996037466757 
863996037466658 
863996037466435 
863996037466278 
863996037465858 
863996037463135 
863996037462418 
863996037461352 
863996037460552 
863996037460412 
863996037459851 
863996037455354 
863996037454951 
863996037454712 
863996037454274 
863996037453474 
863996037451171 
863996037450330 
863996037450298 
863996037450272 
863996037450256 
863996037448094 
863996037447278 
863996037445272 
863996037430191 
863996037427676 
863996037425852 
863996037425639 
863996037425472 
863996037425019 
863996037423873 
863996037423832 
863996037421372 
863996037421356 
863996037417917 
863996037415978 
863996037415853 
863996037414195 
863996037413395 
863996037408239 
863996037402018 
863996037401531 
863996037400251 
863996037400137 
863996037399990 
863996037398893 
863996037397234 
863996037395774 
863996037395352 
863996037393555 
863996037392490 
863996037371858 
863996037352478 
863996037350373 
863996037349433 
863996037348591 
863996037348476 
863996037343774 
863996037343451 
863996037340614 
863996037338212 
863996037205734 
863996037205130 
863996037201915 
863996037200792 
863996037190035 
863996037174633 
863996037174534 
863996037172991 
863996037171878 
863996037101834 
863996037000614 
863996036860612 
863996036860513 
863996036860299 
863996036849136 
863996036847890 
863996036846835 
863996036846397 
863996036821374 
863996036816499 
863996036816192 
863996036778913 
863996036778798 
863996036776339 
863996036775679 
863996036767114 
863996036766637 
863996036766470 
863996036765696 
863996036765571 
863996036695554 
863996036694854 
863996036694433 
863996036693716 
863996036693096 
863996036691298 
863996036691272 
863996036690175 
863996036689375 
863996036689011 
863996036688815 
863996036688658 
863996036675333 
863996036672298 
863996036672199 
863996036598337 
863996036540792 
863996036537657 
863996036537517 
863996036518814 
863996036468994 
863996036468812 
863996036467830 
863996036467632 
863996036387095 
863996036385438 
863996036385354 
863996036384399 
863996036384035 
863996036379852 
863996036379159 
863996036377898 
863996036375355 
863996036374655 
863996036371578 
863996036370950 
863996036369390 
863996036364714 
863996036364433 
863996036362213 
863996036355878 
863996036355639 
863996036322274 
863996036322258 
863996036321193 
863996036321177 
863996036320658 
863996036302797 
863996036302318 
863996036302011 
863996036300932 
863996036300759 
863996036300734 
863996036279813 
863996036181639 
863996036160518 
863996036160237 
863996036160070 
863996036158199 
863996036156391 
863996036155872 
863996036153414 
863996036142276 
863996036139454 
863996036128093 
863996036125438 
863996036125412 
863996036125339 
863996036125313 
863996036124993 
863996036122435 
863996036117054 
863996036115579 
863996036115439 
863996036097397 
863996036095730 
863996036089055 
863996036041494 
863996036040538 
863996036034739 
863996036034614 
863996036025570 
863996036022015 
863996036011216 
863996036011174 
863996036010812 
863996036010754 
863996036009053 
863996034804497 
863996034634456 
863996034537931 
863996034490917 
863996034489133 
863996034489117 
863996034421714 
863996034419817 
863996034247697 
863996034246392 
863996034245519 
863996034244819 
863996034244637 
863996034243811 
863996034234273 
863996034226097 
863996034226030 
863996034224753 
863996034224258 
863996034224159 
863996034221973 
863996034220918 
863996034220835 
863996034220074 
863996034219977 
863996034218011 
863996034216577 
863996034216296 
863996034213392 
863996034212436 
863996034211818 
863996033983912 
863996033981957 
863996033981270 
863996033974853 
863996033967295 
863996033966115 
863996033965893 
863996033964854 
863996033964557 
863996033964292 
863996033964235 
863996033963997 
863996033963633 
863996033962916 
863996033961736 
863996033813192 
863996033811998 
863996033811014 
863996033802419 
863996033796116 
863996033782470 
863996033780979 
863996033780953 
863996033779534 
863996033779351 
863996033779252 
863996033778551 
863996033778130 
863996033777777 
863996033727533 
863996033727491 
863996033727277 
863996033726758 
863996033726238 
863996033726014 
863996033725578 
863996033723474 
863996033719035 
863996033717559 
863996033717435 
863996033707873 
863996033703393 
863996033702270 
863996033699914 
863996033698510 
863996033698239 
863996033696613 
863996033695839 
863996033694196 
863996033693511 
863996033693313 
863996033692356 
863996033691853 
863996033690210 
863996033686531 
863996033686515 
863996033686416 
863996033684312 
863996033684213 
863996033681730 
863996033681714 
863996033681672 
863996033681656 
863996033681474 
863996033676532 
863996033675872 
863996033675674 
863996033675450 
863996033675138 
863996033671970 
863996033637013 
863996033628590 
863996033628459 
863996033628152 
863996033627410 
863996033622650 
863996033622437 
863996033622411 
863996033543799 
863996033543716 
863996033543336 
863996033541439 
863996033539573 
863996033521357 
863996033519252 
863996033516878 
863996033420592 
863996033416293 
863996033410056 
863996033379277 
863996033369195 
863996033350856 
863996033350476 
863996033349593 
863996033347316 
863996033325411 
863996033323994 
863996033322491 
863996033321451 
863996032930872 
863996032930393 
863996032930013 
863996032929775 
863996032928876 
863996032926672 
863996032926573 
863996032926532 
863996032926474 
863996032903697 
863996032902491 
863996032902350 
863996032885795 
863996032884939 
863996032884350 
863996032882479 
863996032882172 
863996032881976 
863996032879350 
863996032870995 
863996032869617 
863996032868858 
863996032790698 
863996032788510 
863996032788437 
863996032769130 
863996032722212 
863996032722097 
863996032720992 
863996032720257 
863996032516556 
863996032511896 
863996032509957 
863996032449394 
863996032386398 
863996032386315 
863996032386299 
863996032386059 
863996032384492 
863996032378692 
863996032377959 
863996032372596 
863996032372158 
863996032368156 
863996032368099 
863996032368073 
863996032367992 
863996032367430 
863996032367398 
863996032366739 
863996032366077 
863996032365830 
863996032365814 
863996032364999 
863996032359510 
863996032359171 
863996032357670 
863996032352614 
863996032343852 
863996032342094 
863996032340932 
863996032324357 
863996032320272 
863996032259850 
863996032259470 
863996032236031 
863996032187416 
863996032185550 
863996032137452 
863996032013836 
863996032006376 
863996032004793 
863996031999779 
863996031997997 
863996031991412 
863996031972818 
863996031957793 
863996031954659 
863996031954113 
863996031947091 
863996031943272 
863996031943074 
863996031942738 
863996031914158 
863996031914091 
863996031902195 
863996031902013 
863325039990392 
863325039970451 
863325039966939 
863325039965451 
863325039904658 
863325039903619 
863325039885071 
863325039881617 
863325039859019 
863325039847378 
863325039845836 
863325039840613 
863325039838310 
863325039815912 
863325039800997 
863325039800872 
863325039599813 
863325039587032 
863325039577991 
863325039559775 
863325039547390 
863325039547333 
863325039352353 
863325039351330 
863325039350597 
863325039349193 
863325039349094 
863325039345258 
863325039342172 
863325039333890 
863325039328932 
863325039321531 
863325039311599 
863325039310799 
863325039309270 
863325039298051 
863325039288755 
863325039266157 
863325039227738 
863325039224396 
863325039191256 
863325039183352 
863325039175515 
863325039163156 
863325039158651 
863325039134173 
863325039116030 
863325039112914 
863325039098394 
863325039088437 
863325039082257 
863325039071151 
863325039069395 
863325039024895 
863325039016933 
863325039001257 
863325038993975 
863325038968951 
863325038966310 
863325038948433 
863325038941073 
863325038936073 
863325038934573 
863325038934557 
863325038910474 
863325038903453 
863325038901010 
863325038895071 
863325038862832 
863325038846231 
863325038839236 
863325038832652 
863325038825656 
863325038780554 
863325038718653 
863325038582919 
863325037590178 
863325037589675 
863325037588750 
863325037587810 
863325037583058 
863325037582399 
863325037581532 
863325037578330 
863325037572911 
863325037564710 
863325037564132 
863325037554596 
863325037540876 
863325037539894 
863325037536973 
863325037536353 
863325037535397 
863325037534150 
863325037533673 
863325037518716 
863325037514772 
863325037512370 
863325037511836 
863325037493936 
863325037487052 
863325037485577 
863325037481071 
863325037473458 
863325037467351 
863325037465058 
863325037460356 
863325037460331 
863325037455091 
863325037453112 
863325037439913 
863325037439012 
863325037438956 
863325037438139 
863325037437537 
863325037434096 
863325037427819 
863325037423834 
863325037423594 
863325037423131 
863325037421374 
863325037408116 
863325037397517 
863325037388730 
863325037370373 
863325037368310 
863325037368054 
863325037353817 
863325037350698 
863325037342950 
863325037341135 
863325037339493 
863325037336697 
863325037336317 
863325037332811 
863325037327951 
863325037327134 
863325037326250 
863325037324198 
863325037319693 
863325037313795 
863325037313571 
863325037294755 
863325037292536 
863325037287973 
863325037281653 
863325037281273 
863325037278113 
863325037275374 
863325037274492 
863325037260970 
863325037256531 
863325037242010 
863325037224331 
863325037223739 
863325037223655 
863325037222251 
863325037195770 
863325037194153 
863325037190953 
863325037190250 
863325037190078 
863325037189294 
863325037187579 
863325037186753 
863325037185755 
863325037184436 
863325037183776 
863325037183693 
863325037180574 
863325037178891 
863325037178099 
863325037176671 
863325037175137 
863325037174213 
863325037161376 
863325037156954 
863325037155915 
863325037151419 
863325037148332 
863325037142954 
863325037142319 
863325037135073 
863325037133151 
863325037125074 
863325037124911 
863325037123871 
863325037123699 
863325037123475 
863325037120950 
863325037118699 
863325037117451 
863325037116297 
863325037115414 
863325037115133 
863325037114094 
863325037112692 
863325037109052 
863325037106272 
863325037104970 
863325037094510 
863325037092472 
863325037090716 
863325037088413 
863325037087639 
863325037085815 
863325037080634 
863325037080519 
863325036990510 
863325036978614 
863325036975552 
863325036930870 
863325036923693 
863325036903778 
863325036903398 
863325036899133 
863325036897491 
863325036892476 
863325036892039 
863325036887492 
863325036886858 
863325036881636 
863325036881131 
863325036881032 
863325036865555 
863325036845938 
863325036843115 
863325036835699 
863325036823059 
863325036820477 
863325036808837 
863325036806757 
863325036806278 
863325036806112 
863325036804299 
863325036803994 
863325036600135 
863325036599758 
863325036573977 
863325036573837 
863325036572011 
863325036570411 
863325036568217 
863325036555651 
863325036545611 
863325036542477 
863325036532791 
863325036531991 
863325036530217 
863325036529417 
863325036508494 
863325036490032 
863325036485438 
863325036485230 
863325036481593 
863325036467691 
863325036308838 
863325036295233 
863325036294210 
863325036293998 
863325036293717 
863325036290978 
863325036248752 
863325036248356 
863325036247812 
863325036247051 
863325036245352 
863325036241377 
863325036240734 
863325036239215 
863325036162235 
863325036161492 
863325036160577 
863325036159611 
863325036157797 
863325036157599 
863325036155536 
863325036155494 
863325036155379 
863325036155056 
863325036090519 
863325036073754 
863325036072731 
863325036071816 
863325036068952 
863325036066618 
863325036061171 
863325036058599 
863325036034517 
863325036026752 
863325036011333 
863325036009196 
863325036008990 
863325036007612 
863325036007158 
863325036006697 
863325036006192 
863325036005715 
863325036005376 
863325036005012 
863325036004254 
863325035998654 
863325035995791 
863325035987616 
863325035987517 
863325035985651 
863325035984837 
863325035983433 
863325035983219 
863325035982898 
863325035941092 
863325035937710 
863325035937215 
863325035934956 
863325035933990 
863325035932950 
863325035930418 
863325035930236 
863325035930194 
863325035929832 
863325035927992 
863325035927414 
863325035927232 
863325035926697 
863325035925913 
863325035925871 
863325035925012 
863325035923736 
863325035899878 
863325035889697 
863325035888392 
863325035885554 
863325035884391 
863325035882692 
863325035874152 
863325035872875 
863325035872297 
863325035871679 
863325035867453 
863325035859997 
863325035695599 
863325035694998 
863325035694691 
863325035692174 
863325035615233 
863325035612750 
863325035612651 
863325035610952 
863325035610812 
863325035610739 
863325035105417 
863325035105094 
863325035104378 
863325035103818 
863325035103651 
863325035103636 
863325035103610 
863325035103073 
863325035099131 
863325035099115 
863325035034310 
863325035014510 
863325035013975 
863325035013272 
863325035013173 
863325034835253 
863325034826716 
863325034812393 
863325034806494 
863325034709938 
863325034708633 
863325034708278 
863325034708211 
863325034700556 
863325034699030 
863325034698990 
863325034698396 
863325034698370 
863325034698032 
863325034698016 
863325034697612 
863325034697455 
863325034696655 
863325034696556 
863325034694171 
863325034643913 
863325034643418 
863325034642592 
863325034642212 
863325034641651 
863325034641032 
863325034614237 
863325034613718 
863325034613114 
863325034612892 
863325034611530 
863325034560133 
863325034553450 
863325034539913 
863325034539616 
863325034537636 
863325034536711 
863325034536299 
863325034535556 
863325034534732 
863325034534690 
863325034531712 
863325034530292 
863325034529195 
863325034529153 
863325034528411 
863325034526357 
863325034502432 
863325034501970 
863325034498151 
863325034497658 
863325034497179 
863325034496551 
863325034495934 
863325034495835 
863325034495579 
863325034495090 
863325034492758 
863325034491511 
863325034490356 
863325034442134 
863325034439593 
863325034435575 
863325034433232 
863325034413978 
863325034410032 
863325034409653 
863325034409513 
863325034409216 
863325034408036 
863325034407954 
863325034406170 
863325034405255 
863325034402971 
863325034402799 
863325034402237 
863325034400199 
863325034400033 
863325034389319 
863325034361318 
863325034361250 
863325034360179 
863325034352291 
863325034352218 
863325034264835 
863325034185733 
863325034184678 
863325034176435 
863325034174570 
863325034039831 
863325034039690 
863325034035458 
863325034035318 
863325034035292 
863325034031614 
863325034027455 
863325032176015 
863325032175934 
863325032175074 
863325032174556 
863325032174150 
863325032173558 
863325032173491 
863325032173012 
863325032172998 
863325032172550 
863325032171651 
863325032171495 
863325032170430 
863325032102938 
863325032102656 
863325032101112 
863325032099316 
863325032098318 
863325032097492 
863325032097419 
863325032097278 
863325032097096 
863325032094192 
863325032093111 
863325032092758 
863325032091677 
863325032091537 
863325032091172 
863325032089812 
863325032044437 
863325032044213 
863325032043637 
863325032039056 
863325032038934 
863325032037217 
863325032032093 
863325032031954 
863325032030915 
863325032014091 
863325032013754 
863325032013499 
863325031914556 
863325031888537 
863325031869339 
863325031868513 
863325031824870 
863325031824813 
863325031807370 
863325031807131 
863325031807073 
863325031805416 
863325030948720 
863325030947680 
863325030947284 
863325030947243 
863325030946880 
863325030946229 
863325030940206 
863325030939984 
863325030939208 
863325030939000 
863325030936220 
863325030935743 
863325030935446 
863325030915885 
863325030915265 
863325030914409 
863325030913682 
863325030913583 
863325030911645 
863325030858986 
863325030858002 
863325030857384 
863325030856386 
863325030856162 
863325030840307 
863325030840042 
863325030751561 
863325030749789 
863325030744764 
863325030744020 
863325030743527 
863325030743220 
863325030743006 
863325030742982 
863325030742909 
863325030742867 
863325030742149 
863325030741661 
863325030740929 
863325030740788 
863325030740168 
863325030739988 
863325030739707 
863325030739046 
863325030726084 
863325030698580 
863325030698341 
863325030697848 
863325030697723 
863325030520826 
863325030520289 
863325030520222 
863325030520024 
863325030492224 
863325030469925 
863325030467762 
863325030467424 
863325030467341 
863325030467184 
863325030439886 
863325030397340 
863325030396201 
863325030396060 
863325030296401 
863325030294042 
863325030293887 
863325030293085 
863325030293069 
863325030292723 
863325030292681 
863325030292103 
863325030290503 
863325030279845 
863325030278664 
863325030278565 
863325030278227 
863325030277500 
863325030277187 
863325030276627 
863325030274788 
863325030271701 
863325030271362 
863325030271289 
863325030269184 
863325030268962 
863325030234089 
863325030233164 
863325030223900 
863325030223660 
863325030213224 
863325030211020 
863325030210964 
863325030210949 
863325030210741 
863325030210501 
863325030210006 
863325030206467 
863325030205766 
863325030205469 
864162039754638 
864162039754570 
864162039753978 
864162039748259 
864162039739555 
864106035761337 
864106035760370 
864106035759737 
864106035758911 
864106035758416 
864106035739077 
864106035738939 
864106035738491 
864106035726991 
864106035725332 
864106035724350 
864106035723675 
864106035722875 
864106035722537 
864106035721133 
864106035704717 
864106035702679 
864106035701093 
864106035608959 
864106035608074 
864106035607878 
864106035606995 
864106035604438 
864106035595636 
864106035590678 
864106035590512 
864106035590199 
864106035583830 
864106035583434 
864106035580430 
864106035367499 
864106035365378 
864106035364876 
864106035364819 
864106035363811 
864106035360593 
864106035359397 
864106035357912 
864106035314277 
864106035313915 
864106035312172 
864106035310796 
864106035305572 
864106035305499 
864106035304773 
864106035304237 
864106035193655 
864106035188432 
864106035188374 
864106035188259 
864106035188192 
864106035188010 
864106035187913 
864106035187830 
864106035186857 
864106035167634 
864106035153899 
864106035127653 
864106035127638 
864106035127539 
864106035127034 
864106035126838 
864106035126630 
864106035126291 
864106035126036 
864106035125772 
864106035124510 
864106035123470 
864106035123231 
864106035107358 
864106035105410 
864106035104074 
864106035103415 
864106035103332 
864106034996876 
864106034994830 
864106034992792 
864106034992495 
864106034985374 
864106034862797 
864106034862276 
864106034862219 
864106034862094 
864106034861872 
864106034855676 
864106034855619 
864106034851659 
864106034849372 
864106034848978 
864106034847517 
864106034845339 
864106034844993 
864106034844795 
864106034844456 
864106034844415 
864106034844134 
864106034719393 
864106034712414 
864106034678458 
864106034676213 
864106034674853 
864106034663112 
864106034663039 
864106034662536 
864106034661058 
864106034631390 
864106034574939 
864106034519850 
864106034518431 
864106034398396 
864106034397810 
864106034395970 
864106034395574 
864106034392910 
864106034361857 
864106034361592 
864106034359398 
864106034350538 
864106034350454 
864106034349373 
864106034349332 
864106034348151 
864106034328013 
864106034310219 
864106034307876 
864106034240291 
864106034238394 
864106034210914 
864106034203950 
864106034069898 
864106034067991 
864106034067892 
864106034067736 
864106034064311 
864106034008938 
864106034007955 
864106034007492 
864106033771759 
864106033651936 
864106033650417 
864106033650318 
864106033648353 
864106033647231 
864106033639758 
864106033637794 
864106033360496 
864106033355652 
864106033338757 
864106033338559 
864106033329079 
864106033328634 
864106033328535 
864106033314352 
864106033263112 
864106033263070 
864106033261512 
864106033259730 
864106033253196 
864106033252453 
864106033251570 
864106033250911 
864106033249491 
864106033217431 
864106033217415 
864106033169517 
864106033168212 
864106033168055 
864106033167578 
864106033166919 
864106033166679 
864106033165572 
864106033165234 
864106033162256 
864106033161779 
864106033161753 
864106033160813 
864106033158551 
864106033156837 
864106033155037 
864106033154733 
864106033153131 
864106033152455 
864106033152356 
864106033152257 
864106033145558 
864106033145392 
864106033139734 
864106033138637 
864106033138538 
864106033138199 
864106033137910 
864106033137837 
864106033136219 
864106033133638 
864106033130055 
864106032940272 
864106032935512 
864106032925190 
864106032925117 
864106032921330 
864106032919979 
864106032919771 
864106032918138 
864106032917171 
864106032916991 
864106032916058 
864106032915738 
864106032915571 
864106032915274 
864106032914392 
864106032908311 
864106032668493 
864106032668311 
864106032667479 
864106032667297 
864106032576332 
864106032505976 
864106032504599 
864106032493819 
864106032493553 
864106032493090 
864106032493074 
864106032487274 
864106032458614 
864106032458598 
864106032458457 
864106032458333 
864106032458259 
864106032449894 
864106032449498 
864106032449399 
864106032449316 
864106032447534 
864106032446536 
864106032446031 
864106032445017 
864106032444291 
864106032396970 
864106032390858 
864106032375974 
864106032373771 
864106032372617 
864106032371593 
864106032351397 
864106032351355 
864106032349292 
864106032349219 
864106032348971 
864106032343311 
864106032342974 
864106032339715 
864106032310856 
864106032310633 
864106032310575 
864106032298275 
864106032294894 
864106032290116 
864106032290090 
864106032290033 
864106032271231 
864106032270514 
864106032268435 
864106032258618 
864106032256232 
864106032248916 
864106032247819 
864106032247058 
864106031769771 
864106031769714 
864106031616451 
864106031611676 
864106031611510 
864106031611338 
864106031608573 
864106031413958 
864106031390396 
864106031389414 
864106031387616 
864106031381254 
863996039928119 
863996039873695 
863996039872010 
863996039735233 
863996039715813 
863996039709832 
863996039708891 
863996039708719 
863996039708693 
863996039708495 
863996039471193 
863996039470252 
863996039467134 
863996039466037 
863996039457770 
863996039431916 
863996039431833 
863996039429795 
863996039428797 
863996039405498 
863996039405191 
863996038793118 
863996038793092 
863996038793050 
863996038792979 
863996038792938 
863996038792755 
863996038792698 
863996038792631 
863996038792052 
863996038791716 
863996038791450 
863996038790932 
863996038782335 
863996038781451 
863996038781378 
863996038702754 
863996038691817 
863996038691270 
863996038691171 
863996038691031 
863996038690751 
863996038675133 
863996038659376 
863996038659137 
863996038600776 
863996038600438 
863996038599697 
863996038466236 
863996038466194 
863996038442690 
863996038435652 
863996038435553 
863996038435090 
863996038433954 
863996038432295 
863996037599771 
863996037599235 
863996037576753 
863996037573891 
863996037573818 
863996037557597 
863996037557555 
863996037556573 
863996037556359 
863996037556193 
863996037556151 
863996037550394 
863996037547416 
863996037545295 
863996037541559 
863996037530958 
863996037530479 
863996037527897 
863996037527434 
863996037525131 
863996037523714 
863996037523334 
863996037523151 
863996037522252 
863996037520512 
863996037520454 
863996037519951 
863996037468555 
863996037466898 
863996037466112 
863996037465775 
863996037465239 
863996037464851 
863996037464695 
863996037463978 
863996037463770 
863996037462574 
863996037462079 
863996037461238 
863996037460776 
863996037459471 
863996037459117 
863996037455917 
863996037455875 
863996037455495 
863996037454399 
863996037454316 
863996037453995 
863996037451395 
863996037451379 
863996037449191 
863996037448417 
863996037447096 
863996037446973 
863996037445975 
863996037445934 
863996037445439 
863996037427775 
863996037425910 
863996037424350 
863996037424178 
863996037424053 
863996037419152 
863996037417297 
863996037416950 
863996037414351 
863996037413239 
863996037412991 
863996037412413 
863996037409971 
863996037406472 
863996037405615 
863996037404592 
863996037404071 
863996037403651 
863996037402836 
863996037400970 
863996037399552 
863996037397754 
863996037391179 
863996037390775 
863996037390734 
863996037390619 
863996037390593 
863996037390536 
863996037390452 
863996037350258 
863996037345316 
863996037345175 
863996037340911 
863996037337297 
863996037335598 
863996037204893 
863996037204232 
863996037203572 
863996037203432 
863996037190837 
863996037188138 
863996037172850 
863996037172397 
863996037134454 
863996036849755 
863996036845837 
863996036815897 
863996036786619 
863996036786213 
863996036776693 
863996036776214 
863996036775539 
863996036765852 
863996036694557 
863996036693773 
863996036691777 
863996036691736 
863996036690373 
863996036688112 
863996036678535 
863996036678451 
863996036677156 
863996036675093 
863996036674450 
863996036673155 
863996036672876 
863996036672470 
863996036599590 
863996036599475 
863996036599434 
863996036599152 
863996036598956 
863996036540974 
863996036540818 
863996036540511 
863996036539935 
863996036539919 
863996036539893 
863996036539851 
863996036539752 
863996036537772 
863996036535099 
863996036467293 
863996036457716 
863996036456593 
863996036455553 
863996036393119 
863996036392731 
863996036388853 
863996036387194 
863996036383813 
863996036380017 
863996036379431 
863996036375017 
863996036374630 
863996036374432 
863996036373939 
863996036373855 
863996036373830 
863996036373418 
863996036373210 
863996036370554 
863996036367972 
863996036367899 
863996036367832 
863996036367618 
863996036367535 
863996036365539 
863996036363070 
863996036361017 
863996036358435 
863996036357312 
863996036357296 
863996036356496 
863996036355712 
863996036354913 
863996036323058 
863996036321839 
863996036321714 
863996036320732 
863996036320310 
863996036320096 
863996036314099 
863996036314057 
863996036305832 
863996036301914 
863996036279516 
863996036180219 
863996036179856 
863996036179054 
863996036164031 
863996036163090 
863996036155559 
863996036155419 
863996036155377 
863996036155070 
863996036144454 
863996036141955 
863996036141476 
863996036139199 
863996036139074 
863996036138514 
863996036137730 
863996036137177 
863996036129331 
863996036129091 
863996036128432 
863996036126758 
863996036125610 
863996036125495 
863996036125057 
863996036124639 
863996036123698 
863996036121379 
863996036119753 
863996036118979 
863996036115512 
863996036026479 
863996036025372 
863996036023856 
863996036023815 
863996036022270 
863996036022114 
863996036011471 
863996036010739 
863996034740113 
863996034639935 
863996034493937 
863996034486071 
863996034485990 
863996034420930 
863996034420799 
863996034244835 
863996034244736 
863996034243951 
863996034239793 
863996034235452 
863996034235338 
863996034234638 
863996034234471 
863996034233630 
863996034232657 
863996034228010 
863996034227095 
863996034226352 
863996034222914 
863996034222799 
863996034222716 
863996034221379 
863996034221338 
863996034221171 
863996034220710 
863996034217013 
863996034216155 
863996034216130 
863996034216098 
863996034215959 
863996034215850 
863996034215835 
863996034215496 
863996034215017 
863996034213970 
863996034212998 
863996034212832 
863996034212816 
863996034212477 
863996034212170 
863996033984290 
863996033973533 
863996033964318 
863996033963856 
863996033963435 
863996033962130 
863996033961850 
863996033813655 
863996033812632 
863996033812335 
863996033812095 
863996033811956 
863996033802732 
863996033797437 
863996033794731 
863996033794715 
863996033784054 
863996033783833 
863996033779419 
863996033778098 
863996033778015 
863996033727798 
863996033727657 
863996033724852 
863996033724217 
863996033723839 
863996033723151 
863996033723110 
863996033723011 
863996033717294 
863996033716676 
863996033715637 
863996033704797 
863996033704516 
863996033703492 
863996033703351 
863996033702999 
863996033702932 
863996033702916 
863996033702577 
863996033702379 
863996033700696 
863996033698650 
863996033698114 
863996033694253 
863996033693958 
863996033693891 
863996033693271 
863996033692331 
863996033686317 
863996033686291 
863996033685392 
863996033684171 
863996033680955 
863996033680732 
863996033676870 
863996033675054 
863996033674610 
863996033672432 
863996033636874 
863996033636395 
863996033636296 
863996033635918 
863996033635892 
863996033635751 
863996033627774 
863996033623534 
863996033543997 
863996033543534 
863996033542775 
863996033541652 
863996033538278 
863996033519310 
863996033519211 
863996033417077 
863996033416897 
863996033416251 
863996033410619 
863996033409850 
863996033391595 
863996033349874 
863996033348850 
863996033348116 
863996033347357 
863996033347191 
863996033346912 
863996033346490 
863996033323218 
863996033322897 
863996033322236 
863996033322111 
863996033321790 
863996032979119 
863996032929452 
863996032929130 
863996032927977 
863996032926896 
863996032926052 
863996032909579 
863996032907490 
863996032906773 
863996032905270 
863996032904612 
863996032903390 
863996032903259 
863996032902533 
863996032901576 
863996032901337 
863996032900412 
863996032892833 
863996032891595 
863996032891553 
863996032884459 
863996032883675 
863996032882214 
863996032881695 
863996032880879 
863996032877453 
863996032877073 
863996032877057 
863996032876877 
863996032875853 
863996032869377 
863996032868510 
863996032866530 
863996032791050 
863996032787595 
863996032787330 
863996032748472 
863996032516655 
863996032516192 
863996032516150 
863996032512092 
863996032510831 
863996032508819 
863996032441011 
863996032439858 
863996032385374 
863996032384138 
863996032378437 
863996032372737 
863996032372430 
863996032371952 
863996032369337 
863996032367976 
863996032367414 
863996032367174 
863996032366598 
863996032365012 
863996032362456 
863996032358777 
863996032357597 
863996032353711 
863996032350212 
863996032328952 
863996032328937 
863996032328911 
863996032326956 
863996032324415 
863996032323672 
863996032321031 
863996032318037 
863996032317898 
863996032307253 
863996032259272 
863996032259256 
863996032258530 
863996032257839 
863996032236932 
863996032236593 
863996032236114 
863996032185691 
863996032166311 
863996032137577 
863996032137353 
863996032110590 
863996032013596 
863996032012135 
863996032007036 
863996032005436 
863996031999670 
863996031993871 
863996031992832 
863996031992311 
863996031971950 
863996031971612 
863996031971497 
863996031970796 
863996031970515 
863996031956712 
863996031954832 
863996031954238 
863996031946895 
863996031946879 
863996031946499 
863996031901312 
863996031900579 
863325039977811 
863325039966798 
863325039965436 
863325039961831 
863325039960833 
863325039895310 
863325039858870 
863325039851479 
863325039840670 
863325039839532 
863325039835597 
863325039821670 
863325039818577 
863325039816092 
863325039815979 
863325039815938 
863325039598112 
863325039597916 
863325039584997 
863325039579773 
863325039578197 
863325039537979 
863325039503252 
863325039425472 
863325039424459 
863325039391476 
863325039360612 
863325039356677 
863325039352957 
863325039352270 
863325039349011 
863325039341455 
863325039339137 
863325039337578 
863325039334872 
863325039334252 
863325039328619 
863325039327173 
863325039321010 
863325039316390 
863325039294597 
863325039274276 
863325039242091 
863325039238776 
863325039222291 
863325039214652 
863325039195174 
863325039191819 
863325039174856 
863325039159998 
863325039140790 
863325039133613 
863325039109753 
863325039094955 
863325039094450 
863325039093452 
863325039084535 
863325039081077 
863325039080970 
863325039080913 
863325039080772 
863325039070971 
863325039053738 
863325039023830 
863325039017238 
863325038978919 
863325038970932 
863325038967375 
863325038943970 
863325038934490 
863325038901515 
863325038901192 
863325038892052 
863325038888274 
863325038868516 
863325038864432 
863325038824790 
863325038816770 
863325038780596 
863325038772759 
863325038719495 
863325037590053 
863325037588313 
863325037585616 
863325037581094 
863325037578215 
863325037577878 
863325037575237 
863325037573117 
863325037572630 
863325037571574 
863325037567598 
863325037567515 
863325037567374 
863325037564272 
863325037559959 
863325037559272 
863325037554455 
863325037545453 
863325037544076 
863325037543797 
863325037538334 
863325037536775 
863325037535975 
863325037519979 
863325037516710 
863325037514590 
863325037514335 
863325037513733 
863325037510614 
863325037507214 
863325037501274 
863325037496277 
863325037495733 
863325037494355 
863325037494298 
863325037492052 
863325037490270 
863325037488712 
863325037488555 
863325037485718 
863325037485551 
863325037480735 
863325037475859 
863325037468755 
863325037468730 
863325037468375 
863325037468177 
863325037466957 
863325037466858 
863325037465595 
863325037464374 
863325037458475 
863325037457857 
863325037455851 
863325037454490 
863325037453997 
863325037453732 
863325037453658 
863325037437933 
863325037437891 
863325037435218 
863325037428999 
863325037428692 
863325037427538 
863325037427512 
863325037422539 
863325037422331 
863325037418073 
863325037417919 
863325037407738 
863325037391932 
863325037387757 
863325037387450 
863325037383459 
863325037382477 
863325037368211 
863325037345490 
863325037344279 
863325037339576 
863325037338370 
863325037338354 
863325037333751 
863325037329155 
863325037319313 
863325037315790 
863325037298434 
863325037297691 
863325037294375 
863325037293112 
863325037292197 
863325037291850 
863325037290498 
863325037282057 
863325037276570 
863325037261317 
863325037260673 
863325037233175 
863325037230890 
863325037228670 
863325037227631 
863325037227573 
863325037210033 
863325037206338 
863325037194633 
863325037193858 
863325037185631 
863325037181432 
863325037180897 
863325037179196 
863325037177570 
863325037176770 
863325037176499 
863325037173595 
863325037170716 
863325037167852 
863325037160857 
863325037157358 
863325037156335 
863325037153233 
863325037152078 
863325037151658 
863325037149355 
863325037148795 
863325037146179 
863325037145817 
863325037145437 
863325037136618 
863325037132435 
863325037131114 
863325037129811 
863325037128474 
863325037124713 
863325037124036 
863325037123798 
863325037119895 
863325037119879 
863325037114136 
863325037113732 
863325037110076 
863325037109938 
863325037096192 
863325037095277 
863325037091995 
863325037090971 
863325037080410 
863325037078513 
863325037066435 
863325037063291 
863325037061436 
863325037061378 
863325036992193 
863325036988696 
863325036986179 
863325036977350 
863325036975198 
863325036974837 
863325036971437 
863325036971353 
863325036966833 
863325036959317 
863325036958350 
863325036955695 
863325036937834 
863325036937792 
863325036929674 
863325036925391 
863325036925235 
863325036921374 
863325036917075 
863325036916911 
863325036916697 
863325036908116 
863325036904156 
863325036903836 
863325036890298 
863325036884390 
863325036871975 
863325036865159 
863325036864772 
863325036864194 
863325036861935 
863325036861356 
863325036848437 
863325036846597 
863325036843255 
863325036819818 
863325036818455 
863325036812375 
863325036812318 
863325036812292 
863325036812250 
863325036812037 
863325036805833 
863325036803895 
863325036803713 
863325036801311 
863325036572292 
863325036571831 
863325036570551 
863325036570254 
863325036569538 
863325036569215 
863325036553979 
863325036549977 
863325036547716 
863325036542758 
863325036534516 
863325036534391 
863325036532775 
863325036530951 
863325036524152 
863325036506258 
863325036501358 
863325036501317 
863325036498977 
863325036496955 
863325036488556 
863325036487855 
863325036480850 
863325036472816 
863325036467550 
863325036452719 
863325036420815 
863325036400858 
863325036365192 
863325036311071 
863325036310974 
863325036310214 
863325036308630 
863325036307111 
863325036305974 
863325036305677 
863325036294475 
863325036294319 
863325036290218 
863325036248596 
863325036248455 
863325036247077 
863325036246319 
863325036246277 
863325036245279 
863325036245071 
863325036244579 
863325036243993 
863325036243977 
863325036243894 
863325036241419 
863325036167572 
863325036161674 
863325036161013 
863325036160494 
863325036160197 
863325036159330 
863325036159256 
863325036158993 
863325036158910 
863325036157276 
863325036157250 
863325036155577 
863325036155437 
863325036136494 
863325036131859 
863325036130612 
863325036128111 
863325036092671 
863325036088372 
863325036076070 
863325036071055 
863325036070552 
863325036069851 
863325036069331 
863325036061338 
863325036036496 
863325036035175 
863325036034673 
863325036033311 
863325036028535 
863325036012158 
863325036010475 
863325036010418 
863325036010210 
863325036007232 
863325036006473 
863325036005038 
863325035998399 
863325035997631 
863325035987814 
863325035987418 
863325035984811 
863325035983573 
863325035980637 
863325035980231 
863325035938130 
863325035936811 
863325035935813 
863325035935094 
863325035932455 
863325035932059 
863325035931994 
863325035931473 
863325035928537 
863325035928131 
863325035926739 
863325035922738 
863325035918413 
863325035888913 
863325035887170 
863325035886297 
863325035882155 
863325035877379 
863325035877353 
863325035872990 
863325035872917 
863325035871893 
863325035871778 
863325035871596 
863325035871554 
863325035867750 
863325035859336 
863325035857652 
863325035688396 
863325035687372 
863325035667317 
863325035490132 
863325035268173 
863325035114799 
863325035113718 
863325035077335 
863325035077095 
863325035018172 
863325035014791 
863325035014114 
863325035013397 
863325034835998 
863325034835790 
863325034826294 
863325034824836 
863325034823358 
863325034813136 
863325034811510 
863325034807831 
863325034806593 
863325034708237 
863325034707775 
863325034703618 
863325034700234 
863325034699154 
863325034697653 
863325034697554 
863325034697158 
863325034695616 
863325034694494 
863325034694114 
863325034692753 
863325034643533 
863325034643137 
863325034642378 
863325034618873 
863325034616471 
863325034614179 
863325034613072 
863325034612991 
863325034608395 
863325034607751 
863325034570496 
863325034539632 
863325034539053 
863325034537578 
863325034537438 
863325034536638 
863325034536612 
863325034535754 
863325034532090 
863325034530250 
863325034530219 
863325034530052 
863325034528650 
863325034527991 
863325034527934 
863325034527256 
863325034525813 
863325034502739 
863325034501194 
863325034500915 
863325034500477 
863325034500055 
863325034499274 
863325034498391 
863325034496817 
863325034493939 
863325034491933 
863325034443512 
863325034441458 
863325034439858 
863325034439171 
863325034439155 
863325034438991 
863325034437910 
863325034435096 
863325034433851 
863325034433190 
863325034411279 
863325034410453 
863325034409992 
863325034408051 
863325034406733 
863325034406352 
863325034406097 
863325034403516 
863325034402492 
863325034401932 
863325034401874 
863325034399839 
863325034390333 
863325034387198 
863325034352358 
863325034352317 
863325034351459 
863325034186673 
863325034184777 
863325034172392 
863325034171956 
863325034171899 
863325034124336 
863325034083813 
863325034083375 
863325034083318 
863325034083276 
863325034082559 
863325034079357 
863325034068038 
863325034058013 
863325034057734 
863325034039815 
863325034035771 
863325034035474 
863325034034733 
863325034034592 
863325034034279 
863325034034154 
863325034031952 
863325034031630 
863325034028990 
863325034027414 
863325032175678 
863325032174994 
863325032174192 
863325032173616 
863325032173574 
863325032173517 
863325032172311 
863325032172295 
863325032172170 
863325032171735 
863325032171537 
863325032102375 
863325032101658 
863325032098854 
863325032097237 
863325032097195 
863325032094010 
863325032093996 
863325032093376 
863325032093137 
863325032091198 
863325032091016 
863325032090133 
863325032044957 
863325032043652 
863325032043454 
863325032031970 
863325032031335 
863325032030618 
863325032030154 
863325032030113 
863325032029172 
863325032013937 
863325032013333 
863325031888693 
863325031888552 
863325031888479 
863325031869016 
863325031868232 
863325031868190 
863325031857953 
863325031857391 
863325031824979 
863325031824797 
863325031824219 
863325031808832 
863325031808378 
863325031807693 
863325031806893 
863325031804856 
863325030950007 
863325030949785 
863325030949207 
863325030948506 
863325030947607 
863325030946526 
863325030939042 
863325030938747 
863325030938143 
863325030937764 
863325030937749 
863325030915588 
863325030915521 
863325030915380 
863325030913567 
863325030912205 
863325030911942 
863325030859240 
863325030859026 
863325030858820 
863325030858408 
863325030841164 
863325030840240 
863325030751603 
863325030749888 
863325030749144 
863325030744988 
863325030744848 
863325030744707 
863325030744004 
863325030743980 
863325030743048 
863325030741307 
863325030741265 
863325030740903 
863325030739467 
863325030738261 
863325030727926 
863325030727561 
863325030726704 
863325030698242 
863325030698184 
863325030520388 
863325030470162 
863325030467663 
863325030467606 
863325030467408 
863325030467283 
863325030397209 
863325030296187 
863325030295247 
863325030294489 
863325030294182 
863325030291808 
863325030290487 
863325030280181 
863325030280082 
863325030279902 
863325030279662 
863325030277443 
863325030277062 
863325030275942 
863325030272089 
863325030271321 
863325030269804 
863325030269309 
863325030269028 
863325030268889 
863325030236407 
863325030233982 
863325030224528 
863325030209149 
863325030207762 
864106035796812 
864106035796796 
864106035794395 
864106035762798 
864106035761634 
864106035760974 
864106035758655 
864106035757756 
864106035739192 
864106035727452 
864106035725118 
864106035724798 
864106035723436 
864106035720093 
864106035719731 
864106035719632 
864106035704899 
864106035703537 
864106035702596 
864106035701499 
864106035699339 
864106035604453 
864106035595958 
864106035594837 
864106035591833 
864106035591494 
864106035591239 
864106035588250 
864106035585819 
864106035585439 
864106035583392 
864106035581172 
864106035367390 
864106035367234 
864106035366236 
864106035360650 
864106035360478 
864106035358852 
864106035358795 
864106035358571 
864106035358076 
864106035357854 
864106035311976 
864106035309830 
864106035305598 
864106035196294 
864106035194810 
864106035194273 
864106035193317 
864106035192897 
864106035189893 
864106035189430 
864106035187731 
864106035127919 
864106035127414 
864106035126374 
864106035125830 
864106035124817 
864106035123595 
864106035104553 
864106035104215 
864106035104132 
864106035103373 
864106034996934 
864106034995910 
864106034994970 
864106034994558 
864106034994418 
864106034992131 
864106034991836 
864106034989350 
864106034989012 
864106034988675 
864106034988659 
864106034988618 
864106034987990 
864106034987974 
864106034986570 
864106034986539 
864106034985515 
864106034848952 
864106034848598 
864106034847178 
864106034846832 
864106034846634 
864106034844753 
864106034844514 
864106034819136 
864106034759514 
864106034759290 
864106034719518 
864106034706994 
864106034678631 
864106034676114 
864106034675330 
864106034674952 
864106034573691 
864106034572990 
864106034572131 
864106034520254 
864106034518571 
864106034392555 
864106034362053 
864106034361410 
864106034361394 
864106034360719 
864106034359836 
864106034359299 
864106034359190 
864106034349472 
864106034349316 
864106034349258 
864106034311837 
864106034310979 
864106034308932 
864106034242172 
864106034238816 
864106034211334 
864106034210559 
864106034210476 
864106034204255 
864106034065094 
864106034011957 
864106034007773 
864106033651118 
864106033651035 
864106033356858 
864106033356734 
864106033354051 
864106033352477 
864106033314030 
864106033268491 
864106033268111 
864106033268012 
864106033254079 
864106033253535 
864106033173352 
864106033169053 
864106033168691 
864106033165879 
864106033165838 
864106033165291 
864106033161175 
864106033160797 
864106033160755 
864106033160714 
864106033157256 
864106033156670 
864106033154956 
864106033154832 
864106033154774 
864106033154311 
864106033153818 
864106033153719 
864106033140773 
864106033140054 
864106033138934 
864106033134172 
864106033086430 
864106032926156 
864106032921439 
864106032920191 
864106032668139 
864106032668030 
864106032667891 
864106032666893 
864106032587453 
864106032582579 
864106032573412 
864106032503997 
864106032493777 
864106032491359 
864106032458176 
864106032446619 
864106032446130 
864106032445934 
864106032392458 
864106032372450 
864106032372336 
864106032371031 
864106032349235 
864106032343352 
864106032342917 
864106032310674 
864106032294837 
864106032290017 
864106032286593 
864106032286551 
864106032286536 
864106032274375 
864106032273195 
864106032273179 
864106032268476 
864106032265316 
864106032264954 
864106032251415 
864106032246852 
864106031665193 
864106031665151 
864106031390693 
864106031390412 
864106031388911 
864106031381411 
864106031380892 
864106031377971 
864106031377856 
864106031377757 
863996039854331 
863996039709212 
863996039709196 
863996039709154 
863996039709139 
863996039709113 
863996039709097 
863996039709071 
863996039709014 
863996039467498 
863996039429779 
863996038814054 
863996038791872 
863996038791658 
863996038791559 
863996038784331 
863996038782830 
863996038782277 
863996038781691 
863996038702630 
863996038702614 
863996038660770 
863996038658733 
863996038658691 
863996038657677 
863996038657479 
863996038655812 
863996038655390 
863996038640459 
863996038600735 
863996038462656 
863996038436098 
863996038434671 
863996038434630 
863996038432659 
863996037576332 
863996037575573 
863996037575557 
863996037574014 
863996037557639 
863996037557373 
863996037557233 
863996037556557 
863996037555534 
863996037554313 
863996037550451 
863996037549297 
863996037547630 
863996037546970 
863996037545337 
863996037530859 
863996037529190 
863996037529075 
863996037527939 
863996037524993 
863996037524951 
863996037524811 
863996037524514 
863996037521916 
863996037520819 
863996037520793 
863996037520611 
863996037519910 
863996037467953 
863996037465759 
863996037464273 
863996037464190 
863996037463176 
863996037460859 
863996037458994 
863996037455537 
863996037453854 
863996037453755 
863996037452997 
863996037452872 
863996037450892 
863996037450231 
863996037448573 
863996037446817 
863996037446031 
863996037445835 
863996037445611 
863996037445538 
863996037425217 
863996037424814 
863996037423717 
863996037423675 
863996037418451 
863996037418352 
863996037417594 
863996037412397 
863996037412355 
863996037412173 
863996037408551 
863996037407157 
863996037406779 
863996037406431 
863996037403859 
863996037403099 
863996037401812 
863996037397739 
863996037393217 
863996037392813 
863996037387755 
863996037387656 
863996037387631 
863996037351777 
863996037351058 
863996037348575 
863996037348039 
863996037345399 
863996037344012 
863996037343998 
863996037343832 
863996037341570 
863996037205536 
863996037205254 
863996037174815 
863996037174658 
863996037172876 
863996036861172 
863996036848492 
863996036847916 
863996036846975 
863996036845993 
863996036844137 
863996036821770 
863996036821317 
863996036815913 
863996036784937 
863996036779259 
863996036778335 
863996036765555 
863996036692494 
863996036690738 
863996036690498 
863996036689755 
863996036677057 
863996036672694 
863996036672330 
863996036598550 
863996036538473 
863996036537830 
863996036457070 
863996036456353 
863996036453517 
863996036385958 
863996036384332 
863996036381155 
863996036380397 
863996036379134 
863996036373137 
863996036371636 
863996036369457 
863996036366677 
863996036364417 
863996036354939 
863996036322415 
863996036321813 
863996036321490 
863996036320716 
863996036320518 
863996036320492 
863996036301732 
863996036301658 
863996036183114 
863996036163553 
863996036159775 
863996036159734 
863996036159098 
863996036159031 
863996036142177 
863996036141591 
863996036139652 
863996036139512 
863996036138159 
863996036138118 
863996036137698 
863996036137359 
863996036137151 
863996036134414 
863996036131618 
863996036128333 
863996036122195 
863996036121775 
863996036119092 
863996036118532 
863996036116833 
863996036095417 
863996036095334 
863996036093412 
863996036088834 
863996036025711 
863996036025695 
863996036020753 
863996036011554 
863996036010994 
863996034753678 
863996034635255 
863996034486493 
863996034247135 
863996034246715 
863996034246558 
863996034244751 
863996034243092 
863996034241716 
863996034235551 
863996034235296 
863996034235130 
863996034227897 
863996034227772 
863996034227491 
863996034225719 
863996034223870 
863996034222336 
863996034222138 
863996034222039 
863996034217419 
863996034216114 
863996034215694 
863996034212352 
863996034211370 
863996034208756 
863996034012414 
863996033984399 
863996033983979 
863996033983813 
863996033981999 
863996033974838 
863996033974754 
863996033974234 
863996033973939 
863996033973715 
863996033973517 
863996033966578 
863996033966073 
863996033965836 
863996033962890 
863996033813697 
863996033811733 
863996033811295 
863996033802856 
863996033802294 
863996033801833 
863996033797858 
863996033797692 
863996033796595 
863996033796199 
863996033794558 
863996033783858 
863996033782850 
863996033780730 
863996033780532 
863996033779591 
863996033728077 
863996033727392 
863996033726535 
863996033726337 
863996033725339 
863996033723490 
863996033722856 
863996033722617 
863996033718490 
863996033717633 
863996033715355 
863996033714473 
863996033710992 
863996033709911 
863996033704854 
863996033702874 
863996033702858 
863996033702536 
863996033700712 
863996033699971 
863996033699955 
863996033698791 
863996033698494 
863996033696779 
863996033693636 
863996033693099 
863996033692778 
863996033692737 
863996033687737 
863996033681458 
863996033675773 
863996033675518 
863996033675211 
863996033635934 
863996033543914 
863996033543575 
863996033542296 
863996033542098 
863996033542015 
863996033541256 
863996033541017 
863996033519336 
863996033519054 
863996033518916 
863996033517959 
863996033515995 
863996033515615 
863996033501219 
863996033496899 
863996033419339 
863996033419271 
863996033416418 
863996033409934 
863996033408878 
863996033374773 
863996033374591 
863996033369112 
863996033350658 
863996033350013 
863996033349155 
863996033348538 
863996033347852 
863996033347415 
863996033346631 
863996033323879 
863996033322574 
863996033321998 
863996033321758 
863996033305215 
863996033273876 
863996032931334 
863996032930450 
863996032930435 
863996032926953 
863996032906336 
863996032906054 
863996032905239 
863996032905072 
863996032904794 
863996032904232 
863996032903374 
863996032901592 
863996032900917 
863996032900453 
863996032885530 
863996032884491 
863996032880713 
863996032878519 
863996032877958 
863996032870110 
863996032870011 
863996032867876 
863996032866696 
863996032866514 
863996032511755 
863996032510914 
863996032510294 
863996032509379 
863996032508751 
863996032384294 
863996032379914 
863996032377835 
863996032377173 
863996032369154 
863996032367133 
863996032364916 
863996032359791 
863996032359098 
863996032358918 
863996032358736 
863996032358298 
863996032355930 
863996032342458 
863996032342011 
863996032331576 
863996032323698 
863996032259496 
863996032258134 
863996032257979 
863996032244738 
863996032237294 
863996032235470 
863996032187119 
863996032186913 
863996032186079 
863996032185857 
863996032166295 
863996032166170 
863996032147212 
863996032142577 
863996032137312 
863996032013174 
863996032012630 
863996032005196 
863996032005014 
863996031994457 
863996031992998 
863996031992436 
863996031992410 
863996031992014 
863996031971455 
863996031970838 
863996031955136 
863996031954097 
863996031943397 
863996031899276 
863325039992737 
863325039960858 
863325039924672 
863325039912958 
863325039907230 
863325039903635 
863325039847576 
863325039847030 
863325039846552 
863325039844599 
863325039839938 
863325039839573 
863325039815417 
863325039815359 
863325039815318 
863325039547952 
863325039546251 
863325039540353 
863325039538894 
863325039511677 
863325039500431 
863325039428831 
863325039427437 
863325039426058 
863325039419277 
863325039376436 
863325039376071 
863325039375453 
863325039371932 
863325039366775 
863325039362139 
863325039361933 
863325039361438 
863325039352635 
863325039351256 
863325039350456 
863325039339939 
863325039337453 
863325039335994 
863325039328551 
863325039321036 
863325039316333 
863325039316036 
863325039261992 
863325039223778 
863325039222374 
863325039219354 
863325039189631 
863325039176679 
863325039165250 
863325039162570 
863325039155137 
863325039145534 
863325039104895 
863325039088395 
863325039081531 
863325039073330 
863325038998891 
863325038994973 
863325038941651 
863325038940893 
863325038915770 
863325038915572 
863325038882178 
863325038882095 
863325038872815 
863325038847916 
863325038825250 
863325038822992 
863325038780455 
863325038745532 
863325038724958 
863325038662877 
863325037588917 
863325037586952 
863325037580971 
863325037580898 
863325037577498 
863325037577415 
863325037577357 
863325037576052 
863325037575153 
863325037572457 
863325037567051 
863325037566996 
863325037562938 
863325037554430 
863325037553796 
863325037553291 
863325037544555 
863325037538078 
863325037536874 
863325037532998 
863325037516132 
863325037514012 
863325037506570 
863325037480594 
863325037480073 
863325037478010 
863325037472815 
863325037470959 
863325037468938 
863325037468334 
863325037468276 
863325037468078 
863325037464713 
863325037462337 
863325037460075 
863325037459994 
863325037458772 
863325037455810 
863325037454979 
863325037453856 
863325037451710 
863325037451355 
863325037439632 
863325037439178 
863325037437818 
863325037437776 
863325037433254 
863325037431639 
863325037426498 
863325037425797 
863325037425532 
863325037422273 
863325037422190 
863325037421572 
863325037419972 
863325037419733 
863325037419576 
863325037413157 
863325037408058 
863325037407019 
863325037405419 
863325037402879 
863325037390553 
863325037382691 
863325037381651 
863325037381297 
863325037353015 
863325037351498 
863325037344972 
863325037344410 
863325037341952 
863325037328231 
863325037327852 
863325037324958 
863325037320113 
863325037318638 
863325037318232 
863325037303796 
863325037302897 
863325037297618 
863325037294318 
863325037287932 
863325037287874 
863325037282214 
863325037281018 
863325037280952 
863325037280655 
863325037279590 
863325037274658 
863325037261598 
863325037260590 
863325037228654 
863325037226575 
863325037195457 
863325037192298 
863325037188692 
863325037179311 
863325037178495 
863325037176119 
863325037175517 
863325037174379 
863325037167035 
863325037165633 
863325037165294 
863325037162358 
863325037154751 
863325037153316 
863325037150130 
863325037147813 
863325037144653 
863325037142376 
863325037131270 
863325037129910 
863325037129555 
863325037129159 
863325037128078 
863325037125116 
863325037120679 
863325037117238 
863325037113799 
863325037111595 
863325037109037 
863325037106157 
863325037096234 
863325037087936 
863325037087753 
863325037081079 
863325037080931 
863325037080816 
863325037080691 
863325037077291 
863325037066294 
863325036994199 
863325036991153 
863325036990635 
863325036980396 
863325036973912 
863325036971171 
863325036962451 
863325036956719 
863325036923917 
863325036922430 
863325036916853 
863325036916275 
863325036900279 
863325036898713 
863325036892195 
863325036891452 
863325036886734 
863325036883830 
863325036882535 
863325036875711 
863325036868633 
863325036862172 
863325036861596 
863325036860952 
863325036856539 
863325036851670 
863325036846555 
863325036845235 
863325036842414 
863325036832233 
863325036819115 
863325036808936 
863325036808258 
863325036808159 
863325036800933 
863325036573852 
863325036572177 
863325036571476 
863325036570775 
863325036570452 
863325036570312 
863325036569793 
863325036569710 
863325036569314 
863325036568795 
863325036568357 
863325036558291 
863325036555578 
863325036549217 
863325036547039 
863325036545017 
863325036544796 
863325036544697 
863325036534318 
863325036534052 
863325036533898 
863325036528336 
863325036528294 
863325036527619 
863325036527270 
863325036494612 
863325036490511 
863325036485958 
863325036469838 
863325036467576 
863325036311113 
863325036310990 
863325036308754 
863325036308176 
863325036305958 
863325036296454 
863325036295399 
863325036295134 
863325036294012 
863325036246350 
863325036245675 
863325036245410 
863325036242870 
863325036241633 
863325036240932 
863325036240254 
863325036161930 
863325036160973 
863325036157870 
863325036157557 
863325036156831 
863325036156559 
863325036155791 
863325036132238 
863325036107230 
863325036090774 
863325036070396 
863325036068879 
863325036067772 
863325036066931 
863325036059431 
863325036037338 
863325036035779 
863325036035613 
863325036035571 
863325036035217 
863325036035191 
863325036034616 
863325036033675 
863325036023395 
863325036010970 
863325036010616 
863325036010137 
863325036009873 
863325036009634 
863325036007752 
863325036006176 
863325036005731 
863325036004312 
863325035985438 
863325035984878 
863325035982575 
863325035936878 
863325035930772 
863325035930517 
863325035930319 
863325035929451 
863325035927679 
863325035927596 
863325035926895 
863325035926754 
863325035923579 
863325035921193 
863325035918694 
863325035900171 
863325035889150 
863325035888616 
863325035885752 
863325035883237 
863325035881918 
863325035877171 
863325035877114 
863325035876991 
863325035874111 
863325035873899 
863325035873618 
863325035873055 
863325035867818 
863325035858098 
863325035695110 
863325035694972 
863325035694675 
863325035687356 
863325035687273 
863325035667234 
863325035613279 
863325035612594 
863325035609673 
863325035609079 
863325035582870 
863325035114096 
863325035104295 
863325035098638 
863325035014890 
863325035014197 
863325034974938 
863325034836194 
863325034835394 
863325034835378 
863325034825890 
863325034825692 
863325034825650 
863325034825056 
863325034811973 
863325034811213 
863325034810397 
863325034809290 
863325034808771 
863325034807971 
863325034709052 
863325034708716 
863325034707619 
863325034706918 
863325034705852 
863325034698438 
863325034698156 
863325034697877 
863325034696598 
863325034695012 
863325034693793 
863325034677432 
863325034643053 
863325034642618 
863325034642295 
863325034642279 
863325034641297 
863325034616117 
863325034616091 
863325034615176 
863325034607454 
863325034579158 
863325034538279 
863325034536935 
863325034535655 
863325034533999 
863325034530870 
863325034530730 
863325034528098 
863325034502374 
863325034501152 
863325034500816 
863325034499258 
863325034499217 
863325034498417 
863325034496478 
863325034495777 
863325034494432 
863325034494150 
863325034492956 
863325034492014 
863325034491974 
863325034444817 
863325034443710 
863325034441078 
863325034440690 
863325034438413 
863325034437530 
863325034435856 
863325034434057 
863325034433877 
863325034433331 
863325034432531 
863325034432515 
863325034410875 
863325034405917 
863325034405479 
863325034404670 
863325034403995 
863325034403896 
863325034402450 
863325034401817 
863325034400637 
863325034399318 
863325034398872 
863325034398575 
863325034352051 
863325034351095 
863325034350253 
863325034349511 
863325034178878 
863325034178738 
863325034178498 
863325034178415 
863325034177052 
863325034174315 
863325034034899 
863325032176072 
863325032174515 
863325032174416 
863325032173657 
863325032173459 
863325032172733 
863325032171750 
863325032170596 
863325032101294 
863325032099993 
863325032099530 
863325032099076 
863325032099019 
863325032098557 
863325032097435 
863325032093475 
863325032093277 
863325032092857 
863325032092154 
863325032045236 
863325032032119 
863325032031814 
863325032031251 
863325032030873 
863325032030659 
863325032030634 
863325032030055 
863325032029313 
863325032013879 
863325031826297 
863325031824995 
863325031807354 
863325031806810 
863325031805952 
863325031805432 
863325030949405 
863325030949223 
863325030947045 
863325030946583 
863325030946468 
863325030946369 
863325030946245 
863325030939562 
863325030937582 
863325030934944 
863325030916024 
863325030915927 
863325030914862 
863325030914425 
863325030914086 
863325030914029 
863325030913864 
863325030859125 
863325030857988 
863325030857525 
863325030857483 
863325030840125 
863325030749821 
863325030749565 
863325030744228 
863325030739889 
863325030728007 
863325030697467 
863325030575085 
863325030520487 
863325030520180 
863325030492489 
863325030440223 
863325030398223 
863325030397381 
863325030396466 
863325030293663 
863325030293382 
863325030290842 
863325030278284 
863325030277161 
863325030277088 
863325030276643 
863325030275389 
863325030275207 
863325030271867 
863325030271586 
863325030269820 
863325030236423 
863325030235540 
863325030213083 
863325030210527 
863325030210147 
863325030209222 
863325030209123 
863325030208000 
863325030206905 
863325030205725 
863325030205709 
864106035794411 
864106035762459 
864106035762079 
864106035762012 
864106035760552 
864106035758879 
864106035758556 
864106035757657 
864106035738715 
864106035727874 
864106035727213 
864106035724210 
864106035722990 
864106035722511 
864106035722156 
864106035720192 
864106035703875 
864106035703792 
864106035702315 
864106035702059 
864106035699297 
864106035608975 
864106035608553 
864106035608199 
864106035605476 
864106035605377 
864106035603257 
864106035591593 
864106035581834 
864106035580513 
864106035360759 
864106035360734 
864106035312818 
864106035304054 
864106035197490 
864106035195619 
864106035192996 
864106035192939 
864106035192376 
864106035190735 
864106035188390 
864106035187673 
864106035127794 
864106035127471 
864106035127018 
864106035126614 
864106035126556 
864106035125939 
864106035125855 
864106035124775 
864106035107499 
864106035107432 
864106035106616 
864106035105378 
864106034997130 
864106034995639 
864106034995233 
864106034995076 
864106034994913 
864106034993774 
864106034993618 
864106034992990 
864106034992271 
864106034991794 
864106034991752 
864106034991737 
864106034991695 
864106034988717 
864106034988535 
864106034987438 
864106034985671 
864106034861690 
864106034848234 
864106034845032 
864106034706234 
864106034705574 
864106034677716 
864106034674739 
864106034674630 
864106034661454 
864106034528596 
864106034519439 
864106034397158 
864106034395038 
864106034361576 
864106034361071 
864106034359539 
864106034359414 
864106034359257 
864106034359232 
864106034358952 
864106034358895 
864106034351551 
864106034330738 
864106034328757 
864106034327999 
864106034327973 
864106034309658 
864106034209890 
864106034209296 
864106034204537 
864106034190892 
864106034174318 
864106033357070 
864106033356932 
864106033356874 
864106033356775 
864106033339052 
864106033314493 
864106033166778 
864106033157033 
864106033156936 
864106033156894 
864106033152570 
864106033137696 
864106033136573 
864106033136359 
864106032582413 
864106032581878 
864106032571671 
864106032506636 
864106032504631 
864106032487076 
864106032458135 
864106032457939 
864106032457657 
864106032450033 
864106032449357 
864106032449134 
864106032448599 
864106032447757 
864106032446791 
864106032446775 
864106032371817 
864106032369092 
864106032368854 
864106032368755 
864106032351579 
864106032308777 
864106032297939 
864106032286510 
864106032271934 
864106032269235 
864106032265373 
864106032256174 
864106032249914 
864106031387699 
864106031382559 
864106031378474 
863996038814310 
863996038814195 
863996038783077 
863996038781618 
863996038660796 
863996038659673 
863996038657537 
863996038656810 
863996038435470 
863996038434150 
863996037600579 
863996037600496 
863996037599250 
863996037591216 
863996037588857 
863996037573958 
863996037557316 
863996037557035 
863996037556599 
863996037556110 
863996037553331 
863996037548133 
863996037548018 
863996037547770 
863996037547754 
863996037541294 
863996037526378 
863996037525891 
863996037525594 
863996037523870 
863996037520256 
863996037480378 
863996037479396 
863996037470312 
863996037469116 
863996037468910 
863996037468753 
863996037468357 
863996037466955 
863996037466617 
863996037466492 
863996037464893 
863996037464778 
863996037461873 
863996037455776 
863996037453037 
863996037451130 
863996037450736 
863996037450033 
863996037449951 
863996037448870 
863996037448474 
863996037448318 
863996037447955 
863996037446239 
863996037430597 
863996037428310 
863996037427510 
863996037427353 
863996037425514 
863996037424939 
863996037424038 
863996037423139 
863996037421257 
863996037419137 
863996037419053 
863996037416356 
863996037415937 
863996037413890 
863996037412637 
863996037411977 
863996037410656 
863996037410177 
863996037408619 
863996037408593 
863996037408577 
863996037407090 
863996037403214 
863996037399917 
863996037399818 
863996037398612 
863996037398091 
863996037395535 
863996037390478 
863996037371874 
863996037351413 
863996037350092 
863996037348898 
863996037345779 
863996037341414 
863996037341398 
863996037339491 
863996037338071 
863996037337313 
863996037204133 
863996037204034 
863996037202152 
863996037193294 
863996037175291 
863996037105132 
863996037000812 
863996036860935 
863996036858558 
863996036850472 
863996036847775 
863996036847676 
863996036847437 
863996036846959 
863996036846355 
863996036821093 
863996036777014 
863996036775935 
863996036767130 
863996036695810 
863996036695455 
863996036694995 
863996036694755 
863996036693492 
863996036693054 
863996036691553 
863996036687999 
863996036687775 
863996036676430 
863996036672710 
863996036672173 
863996036598659 
863996036571474 
863996036539810 
863996036539356 
863996036535131 
863996036468176 
863996036456411 
863996036455793 
863996036392830 
863996036388994 
863996036388895 
863996036388317 
863996036388176 
863996036387939 
863996036387053 
863996036384456 
863996036383979 
863996036379373 
863996036379316 
863996036377591 
863996036376593 
863996036373657 
863996036373491 
863996036373194 
863996036370430 
863996036369598 
863996036368517 
863996036366537 
863996036363211 
863996036361595 
863996036338619 
863996036320955 
863996036320591 
863996036320534 
863996036320393 
863996036313935 
863996036301757 
863996036291370 
863996036291271 
863996036282957 
863996036181019 
863996036173438 
863996036163579 
863996036160252 
863996036159353 
863996036156979 
863996036141773 
863996036139215 
863996036138530 
863996036137631 
863996036137474 
863996036137011 
863996036134430 
863996036125479 
863996036125297 
863996036124753 
863996036122658 
863996036118573 
863996036118078 
863996036117591 
863996036117559 
863996036115538 
863996036094451 
863996036093479 
863996036090178 
863996036089014 
863996036041353 
863996036035298 
863996036034937 
863996034640131 
863996034537535 
863996034495551 
863996034493895 
863996034490974 
863996034486295 
863996034421474 
863996034420435 
863996034247275 
863996034246657 
863996034246335 
863996034246319 
863996034245956 
863996034245535 
863996034245410 
863996034245170 
863996034245055 
863996034244397 
863996034244371 
863996034243555 
863996034243431 
863996034242052 
863996034233515 
863996034232913 
863996034227079 
863996034226071 
863996034226014 
863996034224597 
863996034222971 
863996034221411 
863996034219936 
863996034216692 
863996034216197 
863996034213756 
863996034213319 
863996034212899 
863996033984332 
863996033983854 
863996033974119 
863996033966016 
863996033965596 
863996033965372 
863996033964938 
863996033963476 
863996033962114 
863996033812137 
863996033810354 
863996033801890 
863996033799235 
863996033795456 
863996033794699 
863996033784039 
863996033781217 
863996033780573 
863996033779914 
863996033779856 
863996033778635 
863996033726279 
863996033725354 
863996033723813 
863996033716619 
863996033715439 
863996033715298 
863996033712451 
863996033711230 
863996033710331 
863996033704094 
863996033700738 
863996033700316 
863996033699856 
863996033698395 
863996033697413 
863996033695813 
863996033695631 
863996033690319 
863996033685491 
863996033680617 
863996033676599 
863996033676359 
863996033674776 
863996033635991 
863996033623674 
863996033540993 
863996033540712 
863996033520094 
863996033519575 
863996033518650 
863996033517819 
863996033517314 
863996033496972 
863996033417010 
863996033416434 
863996033415899 
863996033415832 
863996033374237 
863996033349932 
863996033349718 
863996033349130 
863996033347571 
863996033347456 
863996033324299 
863996033322517 
863996033322475 
863996033322152 
863996033303251 
863996032931896 
863996032931490 
863996032929031 
863996032928298 
863996032928116 
863996032926433 
863996032909496 
863996032906633 
863996032906393 
863996032906252 
863996032905296 
863996032904455 
863996032904273 
863996032892635 
863996032892239 
863996032884251 
863996032883659 
863996032883212 
863996032883071 
863996032882313 
863996032876216 
863996032868536 
863996032512191 
863996032511573 
863996032510591 
863996032508876 
863996032385812 
863996032384559 
863996032384435 
863996032377934 
863996032367919 
863996032367653 
863996032366358 
863996032358553 
863996032358496 
863996032343613 
863996032342151 
863996032342037 
863996032341914 
863996032331519 
863996032324332 
863996032323532 
863996032320751 
863996032320371 
863996032317872 
863996032307196 
863996032258894 
863996032253895 
863996032245651 
863996032245057 
863996032185832 
863996032148376 
863996032137056 
863996032012291 
863996032008158 
863996032006210 
863996032004710 
863996031999456 
863996031998573 
863996031998235 
863996031994614 
863996031992873 
863996031992535 
863996031957652 
863996031954634 
863996031954378 
863996031947877 
863996031947794 
863996031947414 
863996031947190 
863996031942274 
863996031914414 
863996031900918 
863996031899235 
863325039975252 
863325039975179 
863325039973919 
863325039906273 
863325039904757 
863325039903676 
863325039896235 
863325039894891 
863325039892234 
863325039859050 
863325039802878 
863325039584971 
863325039582256 
863325039578239 
863325039545378 
863325039496556 
863325039426819 
863325039424756 
863325039378556 
863325039370199 
863325039361297 
863325039359572 
863325039356974 
863325039351413 
863325039333874 
863325039332017 
863325039328056 
863325039327090 
863325039283335 
863325039282154 
863325039281776 
863325039280471 
863325039262313 
863325039258998 
863325039242315 
863325039198772 
863325039198533 
863325039195513 
863325039183378 
863325039176612 
863325039175838 
863325039174815 
863325039174591 
863325039162414 
863325039147233 
863325039143950 
863325039140352 
863325039138430 
863325039137994 
863325039137937 
863325039126971 
863325039116691 
863325039089518 
863325039082356 
863325039082299 
863325039071110 
863325039070914 
863325039070013 
863325039034118 
863325039016172 
863325039014557 
863325038994775 
863325038991730 
863325038981657 
863325038969850 
863325038966351 
863325038963432 
863325038960297 
863325038939150 
863325038937931 
863325038936032 
863325038934813 
863325038915531 
863325038901853 
863325038896392 
863325038883853 
863325038863434 
863325038850936 
863325038847734 
863325038837370 
863325038747116 
863325038677750 
863325038676372 
863325038582950 
863325037590038 
863325037588115 
863325037586853 
863325037583173 
863325037583074 
863325037577654 
863325037575997 
863325037571814 
863325037567119 
863325037566152 
863325037562839 
863325037561575 
863325037557110 
863325037545719 
863325037542153 
863325037536551 
863325037516033 
863325037511638 
863325037508212 
863325037493712 
863325037493258 
863325037492573 
863325037491534 
863325037491195 
863325037487813 
863325037487771 
863325037470637 
863325037467732 
863325037465116 
863325037457097 
863325037456917 
863325037456370 
863325037453716 
863325037452254 
863325037451298 
863325037438519 
863325037434476 
863325037430375 
863325037429013 
863325037420012 
863325037414114 
863325037402598 
863325037402473 
863325037400857 
863325037390850 
863325037390819 
863325037388359 
863325037387799 
863325037387690 
863325037387435 
863325037387039 
863325037369995 
863325037368336 
863325037366454 
863325037338198 
863325037336234 
863325037335517 
863325037329890 
863325037329130 
863325037328991 
863325037326912 
863325037325856 
863325037320139 
863325037315832 
863325037303010 
863325037298699 
863325037294995 
863325037293195 
863325037292718 
863325037291637 
863325037281851 
863325037277016 
863325037276893 
863325037275416 
863325037268577 
863325037262232 
863325037242093 
863325037240410 
863325037237739 
863325037230114 
863325037228092 
863325037226419 
863325037207351 
863325037193817 
863325037193791 
863325037187694 
863325037185193 
863325037183792 
863325037181655 
863325037179212 
863325037172431 
863325037170591 
863325037162473 
863325037162457 
863325037153498 
863325037153019 
863325037152813 
863325037152292 
863325037148993 
863325037145775 
863325037145411 
863325037144331 
863325037143358 
863325037138499 
863325037132310 
863325037130819 
863325037122832 
863325037119853 
863325037115216 
863325037112510 
863325037111975 
863325037110696 
863325037110613 
863325037109573 
863325037108195 
863325037096036 
863325037093355 
863325037093330 
863325037093298 
863325037089775 
863325037078638 
863325037077358 
863325036993571 
863325036992219 
863325036991831 
863325036991732 
863325036986450 
863325036985114 
863325036980339 
863325036975735 
863325036975339 
863325036974597 
863325036966338 
863325036966296 
863325036955471 
863325036931431 
863325036930052 
863325036925318 
863325036923552 
863325036918578 
863325036917596 
863325036909239 
863325036903174 
863325036901913 
863325036890678 
863325036888359 
863325036882857 
863325036875190 
863325036873476 
863325036863857 
863325036862958 
863325036860051 
863325036854831 
863325036852918 
863325036844790 
863325036842091 
863325036842075 
863325036820071 
863325036818679 
863325036818158 
863325036809371 
863325036806252 
863325036802038 
863325036599816 
863325036598719 
863325036571898 
863325036571856 
863325036571773 
863325036570650 
863325036570619 
863325036569975 
863325036560610 
863325036559315 
863325036549019 
863325036547419 
863325036545132 
863325036543251 
863325036530738 
863325036530498 
863325036528971 
863325036503990 
863325036503552 
863325036490271 
863325036485677 
863325036483631 
863325036473137 
863325036470315 
863325036470158 
863325036467493 
863325036465570 
863325036465513 
863325036307657 
863325036306410 
863325036295811 
863325036290671 
863325036247119 
863325036246038 
863325036245253 
863325036245014 
863325036242698 
863325036242052 
863325036240593 
863325036240197 
863325036239652 
863325036159470 
863325036158936 
863325036157516 
863325036157292 
863325036142476 
863325036128350 
863325036094032 
863325036092812 
863325036091418 
863325036088513 
863325036084439 
863325036069638 
863325036060652 
863325036050851 
863325036037072 
863325036036231 
863325036035472 
863325036034657 
863325036029079 
863325036024534 
863325036024492 
863325036011317 
863325036010319 
863325036009790 
863325036009477 
863325036007455 
863325036004338 
863325035997839 
863325035988077 
863325035987897 
863325035987632 
863325035984993 
863325035983136 
863325035980751 
863325035937454 
863325035936738 
863325035935136 
863325035934931 
863325035934014 
863325035932992 
863325035932497 
863325035932299 
863325035931754 
863325035931374 
863325035930699 
863325035929519 
863325035929477 
863325035929279 
863325035927513 
863325035886271 
863325035885059 
863325035883393 
863325035882734 
863325035882635 
863325035877619 
863325035877098 
863325035873451 
863325035872792 
863325035872115 
863325035688099 
863325035611299 
863325035609756 
863325035609715 
863325035583159 
863325035490157 
863325035489910 
863325035486437 