863507030049415
863507030049597
863507030049654
863507030049472
863507030052872
863507030049498
863507030049514
863507038252045
863507038255360
863507038475380
863507039515671
863507039516075
863507039543830
863507039691910
863507039717533
863507039826656
863507039854237
863507039858634
863507039976998
863507038255246
863507038338661
863507038390662
863507038390761
863507038391082
863507038458600
863507038459863
863507038461380
863507038473047
863507038475828
863507038476602
863507039513312
863507039532536
863507039543871
863507039557657
863507039558234
863507039565254
863507039595491
863507039595533
863507039595590
863507039601711
863507039635719
863507039637210
863507039691373
863507039692033
863507039695598
863507039715255
863507039715933
863507039817911
863507039819990
863507039837331
863507039969258
863507039982053
863507039984034
863507038321220
863507038363388
863507038378725
863507038379624
863507038379780
863507038381067
863507038381729
863507038391264
863507038473740
863507038474821
863507039306709
863507039504899
863507039515135
863507039516794
863507039517115
863507039530399
863507039532593
863507039534318
863507039544051
863507039546056
863507039552674
863507039553136
863507039556030
863507039556055
863507039556311
863507039558333
863507039578836
863507039596937
863507039597034
863507039597638
863507039599139
863507039601992
863507039603477
863507039625835
863507039628672
863507039630637
863507039631098
863507039637830
863507039638176
863507039654694
863507039695135
863507039715339
863507039717210
863507039819610
863507039840657
863507039840871
863507039840939
863507039841499
863507039858576
863507039858774
863507039859418
863507039968391
863507039977897
863507039995659
863507038477469
863507038548368
863507039503495
863507039531272
863507039533211
863507039533351
863507039541719
863507039543855
863507039563812
863507039579198
863507039599915
863507039624853
863507039626759
863507039630215
863507039634910
863507039716170
863507039741699
863507039988290
863507038326229
863507038390209
863507038393286
863507038461166
863507038473781
863507038474128
863507038474623
863507038476024
863507038477527
863507039505318
863507039515457
863507039515655
863507039516596
863507039532155
863507039543053
863507039544374
863507039552799
863507039564950
863507039603410
863507039633276
863507039636931
863507039666151
863507039715990
863507039717939
863507039882675
863507039982871
863507039991799
863507030049571
863507038325544
863507038326765
863507038378287
863507038389003
863507038391447
863507038392460
863507038545703
863507039359633
863507039491378
863507039507512
863507039515192
863507039517016
863507039542436
863507039544234
863507039552278
863507039552856
863507039556071
863507039602933
863507039623970
863507039631874
863507039638051
863507039689492
863507039691555
863507039862974
863507039969159
863507039973854
863507039989454
863507039992193
863507039994637
863507038250064
863507038325569
863507038326526
863507038348140
863507038348264
863507038348546
863507038363321
863507038382727
863507038389102
863507038390001
863507038390043
863507038478582
863507038953980
863507039503214
863507039503651
863507039504774
863507039505292
863507039505557
863507039506993
863507039507231
863507039514294
863507039522370
863507039531256
863507039532379
863507039532478
863507039533310
863507039536537
863507039541552
863507039541776
863507039541990
863507039542014
863507039544754
863507039553193
863507039557772
863507039570353
863507039597794
863507039598818
863507039623079
863507039623616
863507039625611
863507039626114
863507039630751
863507039634399
863507039637814
863507039656319
863507039658513
863507039807292
863507039840715
863507039859236
863507039967252
863507039979299
863507039979554
863507039982830
863507039990098
863507036388882
863507036652683
863507036652709
863507036659449
863507036817146
863507037876042
863507038313862
863507038328043
863507038347928
863507038361580
863507038361689
863507038362265
863507038362745
863507038363289
863507038363305
863507038363586
863507038379301
863507038380846
863507038381869
863507038393328
863507038461422
863507038462024
863507038462206
863507038473328
863507038473880
863507038474342
863507038475265
863507038476545
863507038544987
863507038545026
863507038547220
863507038548889
863507038567723
863507038726907
863507038766622
863507038951703
863507038984043
863507039039680
863507039049929
863507039053681
863507039054481
863507039359799
863507039503354
863507039504170
863507039505037
863507039507017
863507039507058
863507039507215
863507039507298
863507039507751
863507039515259
863507039515374
863507039515572
863507039515952
863507039517396
863507039530159
863507039531934
863507039533112
863507039533690
863507039533831
863507039533930
863507039542170
863507039542378
863507039542634
863507039542659
863507039543095
863507039544473
863507039545652
863507039545959
863507039548474
863507039552872
863507039557798
863507039563911
863507039581194
863507039598636
863507039598974
863507039601836
863507039602032
863507039603451
863507039613310
863507039614151
863507039623590
863507039624051
863507039626916
863507039631338
863507039633235
863507039637251
863507039637897
863507039657978
863507039687918
863507039689278
863507039689757
863507039717590
863507039760475
863507039849559
863507039877550
863507039880091
863507039886577
863507039932074
863507039932116
863507039942875
863507039958392
863507039958533
863507039972898
863507039977715
863507039977731
863507039977855
863507039982772
863507039992912
863507039993316
863507039993852
863507039994058
863507039995790
863507034885384
863507034937045
863507034937284
863507034937441
863507034941641
863507034943084
863507035055144
863507035055185
863507035055243
863507035055508
863507035055847
863507035057702
863507035065101
863507035093020
863507035093863
863507035094002
863507035094408
863507035103829
863507035114008
863507035129402
863507035129964
863507035383660
863507035416627
863507035530922
863507035531367
863507035534940
863507035535103
863507035535608
863507035549740
863507035552488
863507035817907
863507035818327
863507035821545
863507035842384
863507035851989
863507036022424
863507036040509
863507036175883
863507036176329
863507036183341
863507036198802
863507036207165
863507036265049
863507036267300
863507036269660
863507036369585
863507036389724
863507036390482
863507036400646
863507036402428
863507036409647
863507036603827
863507036603868
863507036606705
863507036608065
863507036608461
863507036608545
863507036609063
863507036609089
863507036663680
863507036724623
863507036728004
863507036816965
863507036817047
863507037787843
863507037788304
863507037788445
863507037788585
863507037788601
863507037788684
863507037789302
863507037789468
863507037821428
863507037822483
863507037822608
863507037822848
863507037823168
863507037823226
863507037823341
863507037823465
863507037823580
863507037875424
863507037883162
863507037923109
863507037931649
863507038050605
863507038086245
863507038086328
863507038086468
863507038086484
863507038086781
863507038086948
863507038086989
863507038087045
863507038087227
863507038087268
863507038087383
863507038087466
863507038088647
863507038088662
863507038088829
863507038108122
863507038122222
863507038139341
863507038255923
863507038319505
863507038321527
863507038321923
863507038322368
863507038322681
863507038323663
863507038327409
863507038327987
863507038362604
863507038363503
863507038363669
863507038378584
863507038378782
863507038378980
863507038379004
863507038379145
863507038379707
863507038379764
863507038381240
863507038381349
863507038381364
863507038382305
863507038382743
863507038389623
863507038389920
863507038390126
863507038475364
863507038541769
863507038544482
863507038571162
863507038640645
863507038643961
863507038659264
863507038720801
863507038723748
863507038737706
863507038740320
863507038951307
863507038951646
863507038955928
863507038983649
863507038983920
863507039021761
863507039038187
863507039040043
863507039074364
863507039108444
863507039108766
863507039272968
863507039359773
863507039415435
863507039424775
863507039503313
863507039504535
863507039504618
863507039505235
863507039506852
863507039511597
863507039513197
863507039513692
863507039515416
863507039515556
863507039516737
863507039516851
863507039516877
863507039516992
863507039517255
863507039517297
863507039531512
863507039532791
863507039533997
863507039534375
863507039541214
863507039541677
863507039542311
863507039543079
863507039544671
863507039548318
863507039548490
863507039552559
863507039552575
863507039553110
863507039553375
863507039553516
863507039557574
863507039595350
863507039598115
863507039598172
863507039601695
863507039601893
863507039602073
863507039602834
863507039603295
863507039613336
863507039613955
863507039629654
863507039630512
863507039630736
863507039630777
863507039631957
863507039634712
863507039635610
863507039635636
863507039635891
863507039637970
863507039654850
863507039656079
863507039656293
863507039689831
863507039691076
863507039691175
863507039691233
863507039691514
863507039691597
863507039694450
863507039695556
863507039715677
863507039715875
863507039716857
863507039717251
863507039826037
863507039840533
863507039842737
863507039845797
863507039864558
863507039877733
863507039885553
863507039925474
863507039931936
863507039958459
863507039958558
863507039959077
863507039960331
863507039967716
863507039969035
863507039970215
863507039970272
863507039970439
863507039972476
863507039972955
863507039973870
863507039976030
863507039977350
863507039977376
863507039977954
863507039978077
863507039978531
863507039978697
863507039979075
863507039982491
863507039984257
863507039993654
863507039993670
863507039993936
863507039994314
863507039994330
863507039995113
863507033781345
863507033781360
863507033781386
863507033781469
863507033781782
863507033782285
863507033782806
863507033782947
863507033783846
863507033783960
863507033789843
863507033790825
863507033791088
863507033791120
863507033791203
863507033791609
863507033796368
863507033796764
863507033796921
863507033797127
863507033797341
863507033829045
863507033829169
863507033829300
863507033829607
863507033829623
863507033829763
863507033830167
863507033830480
863507033830944
863507033831025
863507033831249
863507033831264
863507033836529
863507033837386
863507033842444
863507033855461
863507033855503
863507033855727
863507033855743
863507033856048
863507033856329
863507033856386
863507033856543
863507033858200
863507033858606
863507033861469
863507033861485
863507033861766
863507033862640
863507033862921
863507033863127
863507033863168
863507033863283
863507033863325
863507033863465
863507033863663
863507033864943
863507033864968
863507033865809
863507033866740
863507033868100
863507033956285
863507033957929
863507033958141
863507033958380
863507033959305
863507034883124
863507034883264
863507034883306
863507034883785
863507034883884
863507034883983
863507034884023
863507034884262
863507034884288
863507034884643
863507034884783
863507034884841
863507034884866
863507034885160
863507034885780
863507034885947
863507034886283
863507034886564
863507034886820
863507034886887
863507034894907
863507034894923
863507034894949
863507034895086
863507034895243
863507034895300
863507034895342
863507034895540
863507034895706
863507034895805
863507034896084
863507034896340
863507034896449
863507034896720
863507034896746
863507034896787
863507034896944
863507034897249
863507034897561
863507034897587
863507034897629
863507034898742
863507034898783
863507034898924
863507034898940
863507034898965
863507034899005
863507034900001
863507034900241
863507034916569
863507034916601
863507034935460
863507034935841
863507034937185
863507034937268
863507034937326
863507034937342
863507034937409
863507034937607
863507034937664
863507034938944
863507034939140
863507034939546
863507034940247
863507034940288
863507034940569
863507034940684
863507034940742
863507034940866
863507034941005
863507034941427
863507034941666
863507034941708
863507034941922
863507034941948
863507034942227
863507034942581
863507034942607
863507034942748
863507034942763
863507034942805
863507034942987
863507034943068
863507034943100
863507034943225
863507034943720
863507034943761
863507034943803
863507034944009
863507034944140
863507034944520
863507034944587
863507034944660
863507034944801
863507034944843
863507034945287
863507034945683
863507034945923
863507034945980
863507034946145
863507034965848
863507034966127
863507034968289
863507035054683
863507035054964
863507035055029
863507035055227
863507035055409
863507035055607
863507035055649
863507035055664
863507035055680
863507035055722
863507035055821
863507035055987
863507035056043
863507035056126
863507035056167
863507035056225
863507035056704
863507035056720
863507035056787
863507035056969
863507035057124
863507035057140
863507035057207
863507035057322
863507035057348
863507035057629
863507035057645
863507035057686
863507035057728
863507035059203
863507035059948
863507035059963
863507035063841
863507035063924
863507035064203
863507035064526
863507035065044
863507035065069
863507035065267
863507035065481
863507035065648
863507035065689
863507035065747
863507035065861
863507035065903
863507035065929
863507035067289
863507035083146
863507035083187
863507035083302
863507035083484
863507035083526
863507035083641
863507035083666
863507035083682
863507035084003
863507035084060
863507035084128
863507035084144
863507035084169
863507035085380
863507035092626
863507035092642
863507035092667
863507035092709
863507035092725
863507035092741
863507035092782
863507035092881
863507035092923
863507035093921
863507035094127
863507035094143
863507035094507
863507035094523
863507035094622
863507035094689
863507035094804
863507035094820
863507035094861
863507035095009
863507035097724
863507035097880
863507035098565
863507035098946
863507035098961
863507035099027
863507035099126
863507035099167
863507035099266
863507035099282
863507035099324
863507035099647
863507035099746
863507035099902
863507035099969
863507035100122
863507035100189
863507035100320
863507035100387
863507035100486
863507035100569
863507035100627
863507035100726
863507035100767
863507035101286
863507035101427
863507035101542
863507035101724
863507035101781
863507035102003
863507035102128
863507035102201
863507035103761
863507035103860
863507035104009
863507035104181
863507035104223
863507035105162
863507035105246
863507035111848
863507035111962
863507035112085
863507035112507
863507035113323
863507035113448
863507035113489
863507035113562
863507035113588
863507035113620
863507035113661
863507035113729
863507035113984
863507035114107
863507035114180
863507035114321
863507035114347
863507035114362
863507035114461
863507035114487
863507035114560
863507035114644
863507035114826
863507035114883
863507035115385
863507035115948
863507035118801
863507035127141
863507035127166
863507035127224
863507035127281
863507035127463
863507035127521
863507035127588
863507035127604
863507035127729
863507035128123
863507035128164
863507035128248
863507035128321
863507035128420
863507035128446
863507035128461
863507035128586
863507035128602
863507035128644
863507035128743
863507035128826
863507035128867
863507035129261
863507035129527
863507035129808
863507035129881
863507035130103
863507035130160
863507035130343
863507035130467
863507035130483
863507035130566
863507035130988
863507035131200
863507035131242
863507035131267
863507035131408
863507035131663
863507035136126
863507035214089
863507035214287
863507035214584
863507035267848
863507035268481
863507035268861
863507035269844
863507035270867
863507035271022
863507035271048
863507035272301
863507035278647
863507035280064
863507035280163
863507035280429
863507035282201
863507035296821
863507035296847
863507035297241
863507035297324
863507035297902
863507035298504
863507035299841
863507035300805
863507035300862
863507035308006
863507035355445
863507035357706
863507035359785
863507035366640
863507035366889
863507035367705
863507035367960
863507035368968
863507035369040
863507035369461
863507035376847
863507035381185
863507035381987
863507035382100
863507035382522
863507035382647
863507035382860
863507035382928
863507035383504
863507035383629
863507035384288
863507035384403
863507035384460
863507035385483
863507035385889
863507035386622
863507035386663
863507035386689
863507035386705
863507035386846
863507035387240
863507035387307
863507035387448
863507035387588
863507035387687
863507035389766
863507035389808
863507035389881
863507035390046
863507035390129
863507035390202
863507035416742
863507035416783
863507035416940
863507035417021
863507035417161
863507035417203
863507035417302
863507035417401
863507035417500
863507035417666
863507035417708
863507035440304
863507035453125
863507035480326
863507035484484
863507035484609
863507035484807
863507035494483
863507035494962
863507035495084
863507035495589
863507035500305
863507035500529
863507035501741
863507035501808
863507035502103
863507035502145
863507035502228
863507035502509
863507035502566
863507035502921
863507035503267
863507035503424
863507035506666
863507035506849
863507035507821
863507035511088
863507035511203
863507035511609
863507035512284
863507035512581
863507035514660
863507035514702
863507035531227
863507035531284
863507035531441
863507035531540
863507035534262
863507035534288
863507035534544
863507035534569
863507035534882
863507035535020
863507035535087
863507035535285
863507035535384
863507035535822
863507035535905
863507035541382
863507035549146
863507035549161
863507035550144
863507035550185
863507035550227
863507035550466
863507035550706
863507035550748
863507035551100
863507035551142
863507035551282
863507035551647
863507035551720
863507035551761
863507035552124
863507035552264
863507035561844
863507035562925
863507035563501
863507035563865
863507035564400
863507035564707
863507035564749
863507035564764
863507035564848
863507035564863
863507035564962
863507035564988
863507035565043
863507035565480
863507035565563
863507035565605
863507035565886
863507035565969
863507035566025
863507035566249
863507035818244
863507035818525
863507035818541
863507035818640
863507035818723
863507035818806
863507035818863
863507035818889
863507035819069
863507035819143
863507035819283
863507035819622
863507035819663
863507035819846
863507035820422
863507035820489
863507035820588
863507035820760
863507035820786
863507035820828
863507035820943
863507035820984
863507035821180
863507035821644
863507035821784
863507035821800
863507035821909
863507035841501
863507035841667
863507035841865
863507035841907
863507035842103
863507035842145
863507035842301
863507035842400
863507035842681
863507035842780
863507035842806
863507035842863
863507035843127
863507035843184
863507035843341
863507035843440
863507035843580
863507035843622
863507035843788
863507035843804
863507035844927
863507035851120
863507035851443
863507035851666
863507035851682
863507035851740
863507035851963
863507035852060
863507035852102
863507035852144
863507035981901
863507035983907
863507035996966
863507036001345
863507036015329
863507036015444
863507036015485
863507036015584
863507036016020
863507036016061
863507036016145
863507036016160
863507036016244
863507036016269
863507036016442
863507036016624
863507036016707
863507036016780
863507036019685
863507036019701
863507036019800
863507036021723
863507036022267
863507036022663
863507036022788
863507036023125
863507036028942
863507036029122
863507036029403
863507036029544
863507036029601
863507036029668
863507036039444
863507036039527
863507036039568
863507036039584
863507036039741
863507036039766
863507036039782
863507036039980
863507036040004
863507036040400
863507036041044
863507036041267
863507036041325
863507036041341
863507036066561
863507036066603
863507036066645
863507036066801
863507036066900
863507036071165
863507036071181
863507036072445
863507036072544
863507036072569
863507036072627
863507036086783
863507036173920
863507036174001
863507036174100
863507036174241
863507036174266
863507036174407
863507036174589
863507036174886
863507036175321
863507036175446
863507036175461
863507036175586
863507036175909
863507036175982
863507036176048
863507036176345
863507036176428
863507036176444
863507036176741
863507036176782
863507036176949
863507036177020
863507036177046
863507036177087
863507036177103
863507036177525
863507036177681
863507036177764
863507036177822
863507036177905
863507036177962
863507036178101
863507036178267
863507036178564
863507036178622
863507036178861
863507036178903
863507036179109
863507036179182
863507036179224
863507036179281
863507036179588
863507036179620
863507036179745
863507036179786
863507036180388
863507036180743
863507036180909
863507036182269
863507036182285
863507036182301
863507036182343
863507036182368
863507036182400
863507036182426
863507036182483
863507036182509
863507036182566
863507036182608
863507036182764
863507036182822
863507036183044
863507036198844
863507036199107
863507036199222
863507036199289
863507036199461
863507036199628
863507036199941
863507036200202
863507036200228
863507036200343
863507036200368
863507036200467
863507036200483
863507036200525
863507036201788
863507036201903
863507036202109
863507036202265
863507036202349
863507036202422
863507036202521
863507036202562
863507036205128
863507036205144
863507036205268
863507036205300
863507036205326
863507036205466
863507036205508
863507036205607
863507036206407
863507036206845
863507036207009
863507036207025
863507036207041
863507036207082
863507036207108
863507036207348
863507036265601
863507036265825
863507036265940
863507036266344
863507036266526
863507036266583
863507036266609
863507036266682
863507036266724
863507036266849
863507036266864
863507036266963
863507036267029
863507036267086
863507036267185
863507036267409
863507036268043
863507036268266
863507036269801
863507036271989
863507036272003
863507036272680
863507036273464
863507036273522
863507036325421
863507036326080
863507036326742
863507036399707
863507036400687
863507036400760
863507036400802
863507036401164
863507036401743
863507036401966
863507036402006
863507036402667
863507036402741
863507036402824
863507036402840
863507036402980
863507036403087
863507036403103
863507036403129
863507036403301
863507036403483
863507036403780
863507036408524
863507036408623
863507036408706
863507036408946
863507036409043
863507036409068
863507036409100
863507036409142
863507036409167
863507036409266
863507036409704
863507036409761
863507036409829
863507036410140
863507036410223
863507036410264
863507036410280
863507036410322
863507036410421
863507036410546
863507036410603
863507036410827
863507036410868
863507036410900
863507036411007
863507036411106
863507036411700
863507036411981
863507036412328
863507036412641
863507036412880
863507036413029
863507036413144
863507036413441
863507036416840
863507036417541
863507036602027
863507036605327
863507036605947
863507036606648
863507036606689
863507036606945
863507036607828
863507036608040
863507036608388
863507036608669
863507036609105
863507036626927
863507036627420
863507036627842
863507036628584
863507036628782
863507036629103
863507036629228
863507036629269
863507036630044
863507036630127
863507036630184
863507036630200
863507036630887
863507036630903
863507036636769
863507036648467
863507036652865
863507036652881
863507036654762
863507036654820
863507036655843
863507036662542
863507036701605
863507036701704
863507036714020
863507036714269
863507036714327
863507036714343
863507036714582
863507036715464
863507036715944
863507036724649
863507036725844
863507036726362
863507036726529
863507036726545
863507036728483
863507036728624
863507036762128
863507036798049
863507036814267
863507036814283
863507036817369
863507036829349
863507036829760
863507036830180
863507036830883
863507036830941
863507037787587
863507037787967
863507037788007
863507037788221
863507037788247
863507037788403
863507037788528
863507037788569
863507037788726
863507037788866
863507037789047
863507037789120
863507037789286
863507037789369
863507037789401
863507037789484
863507037789666
863507037789682
863507037789948
863507037790003
863507037790045
863507037790284
863507037790326
863507037790425
863507037790441
863507037790466
863507037790649
863507037820404
863507037821485
863507037821501
863507037821584
863507037821642
863507037821725
863507037821741
863507037821808
863507037822087
863507037822228
863507037822368
863507037822780
863507037822806
863507037822822
863507037822962
863507037823143
863507037823325
863507037823382
863507037823408
863507037823440
863507037823606
863507037823804
863507037828944
863507037833829
863507037833902
863507037834140
863507037836327
863507037836426
863507037871167
863507037875440
863507037875465
863507037875606
863507037875622
863507037876620
863507037877529
863507037880143
863507037880242
863507037880465
863507037880689
863507037880986
863507037881265
863507037881406
863507037881422
863507037881448
863507037881828
863507037882123
863507037882149
863507037882685
863507037883089
863507037884301
863507037884541
863507037916582
863507037916640
863507037916707
863507037922788
863507037922804
863507037923067
863507037924347
863507037929049
863507037929106
863507037929403
863507037929627
863507037930401
863507037930781
863507037930963
863507037931086
863507037931268
863507037931425
863507037946621
863507037947322
863507037947348
863507037949583
863507037949682
863507038026480
863507038035382
863507038035663
863507038035861
863507038036349
863507038037248
863507038085767
863507038085783
863507038085908
863507038085981
863507038086021
863507038086401
863507038086500
863507038086542
863507038086708
863507038086740
863507038086849
863507038087003
863507038087128
863507038087144
863507038087185
863507038087243
863507038087300
863507038087326
863507038087342
863507038087409
863507038087540
863507038087565
863507038087623
863507038087862
863507038087888
863507038088043
863507038088225
863507038088266
863507038088308
863507038088324
863507038088480
863507038088746
863507038088886
863507038088902
863507038088944
863507038090262
863507038091583
863507038091880
863507038091948
863507038092029
863507038093043
863507038093183
863507038101648
863507038101663
863507038102000
863507038102265
863507038102588
863507038102901
863507038103081
863507038103149
863507038103529
863507038103701
863507038103784
863507038103842
863507038103909
863507038103966
863507038104006
863507038104204
863507038104402
863507038104725
863507038104741
863507038104907
863507038104923
863507038104949
863507038105201
863507038105284
863507038105409
863507038106027
863507038106662
863507038106787
863507038107249
863507038107421
863507038107843
863507038107884
863507038111548
863507038112389
863507038116240
863507038116364
863507038116588
863507038116620
863507038116646
863507038116661
863507038117347
863507038117941
863507038117966
863507038118048
863507038118329
863507038118345
863507038118360
863507038118709
863507038119483
863507038119541
863507038119749
863507038119947
863507038119962
863507038120200
863507038120267
863507038120283
863507038120465
863507038120622
863507038120762
863507038121489
863507038121646
863507038121687
863507038122065
863507038122289
863507038122545
863507038122586
863507038124228
863507038129367
863507038129383
863507038129466
863507038130506
863507038130746
863507038140109
863507038141123
863507038145504
863507038162723
863507038196200
863507038242541
863507038249827
863507038250940
863507038252128
863507038255022
863507038255683
863507038300349
863507038315123
863507038315305
863507038315503
863507038318481
863507038318549
863507038319562
863507038320784
863507038321006
863507038321048
863507038321881
863507038321949
863507038322780
863507038324307
863507038324349
863507038327029
863507038327086
863507038327524
863507038327722
863507038328142
863507038328944
863507038338406
863507038343968
863507038344024
863507038347522
863507038347688
863507038348025
863507038348421
863507038348728
863507038348785
863507038351201
863507038351508
863507038351540
863507038351680
863507038361242
863507038361267
863507038361663
863507038361705
863507038362141
863507038362166
863507038362182
863507038362760
863507038362828
863507038362869
863507038362927
863507038362968
863507038363024
863507038363040
863507038363123
863507038363248
863507038378329
863507038378626
863507038378865
863507038378907
863507038379020
863507038379186
863507038379400
863507038379582
863507038379665
863507038379723
863507038379889
863507038380101
863507038380226
863507038380481
863507038380564
863507038380622
863507038380788
863507038380903
863507038381000
863507038381083
863507038381166
863507038381323
863507038381646
863507038381703
863507038381943
863507038382081
863507038382388
863507038382701
863507038388724
863507038389482
863507038389649
863507038389748
863507038389763
863507038389821
863507038390365
863507038390548
863507038390860
863507038390902
863507038390969
863507038390985
863507038391660
863507038391900
863507038392064
863507038392122
863507038392346
863507038392585
863507038419909
863507038451381
863507038458584
863507038458626
863507038459624
863507038459822
863507038459848
863507038459905
863507038460101
863507038460523
863507038461026
863507038461141
863507038461182
863507038461281
863507038461307
863507038461349
863507038461505
863507038461562
863507038473468
863507038473641
863507038473666
863507038473948
863507038474086
863507038474367
863507038474482
863507038474722
863507038474987
863507038476081
863507038476164
863507038476180
863507038476784
863507038477501
863507038478400
863507038493607
863507038510681
863507038539383
863507038539466
863507038541504
863507038541744
863507038542148
863507038542189
863507038542387
863507038543708
863507038543781
863507038543823
863507038544128
863507038544300
863507038545000
863507038548723
863507038548863
863507038548921
863507038549127
863507038549242
863507038549689
863507038571402
863507038594065
863507038601605
863507038602462
863507038602504
863507038603429
863507038614848
863507038615944
863507038616546
863507038618187
863507038623542
863507038629127
863507038630869
863507038631123
863507038632204
863507038632386
863507038632907
863507038640660
863507038644183
863507038644548
863507038644688
863507038655445
863507038655486
863507038655569
863507038655866
863507038657607
863507038660429
863507038660585
863507038662748
863507038715181
863507038718649
863507038719126
863507038719167
863507038719324
863507038719464
863507038719480
863507038719621
863507038719688
863507038720488
863507038720603
863507038720629
863507038720645
863507038720744
863507038720967
863507038720983
863507038721163
863507038721221
863507038721361
863507038721445
863507038721460
863507038721544
863507038721726
863507038721965
863507038722120
863507038722146
863507038722567
863507038722765
863507038722849
863507038722880
863507038723607
863507038723706
863507038724282
863507038724308
863507038730040
863507038730404
863507038735262
863507038735460
863507038737342
863507038749305
863507038766424
863507038773685
863507038782702
863507038783742
863507038946620
863507038946828
863507038950960
863507038951323
863507038951745
863507038953261
863507038953345
863507038953360
863507038953469
863507038953584
863507038953683
863507038953766
863507038953782
863507038953840
863507038954004
863507038955423
863507038955464
863507038955704
863507038955746
863507038955803
863507038956041
863507038956066
863507038956108
863507038956165
863507038957841
863507038957866
863507038957924
863507038958146
863507038958161
863507038958286
863507038958302
863507038958401
863507038958427
863507038958567
863507038958724
863507038958740
863507038958765
863507038958963
863507038960928
863507038960969
863507038961124
863507038961165
863507038983805
863507038983821
863507038983862
863507038983987
863507038984068
863507038984100
863507038985784
863507039017843
863507039021340
863507039021381
863507039027446
863507039028006
863507039028162
863507039035605
863507039037841
863507039037882
863507039038369
863507039038567
863507039038708
863507039038740
863507039038807
863507039039045
863507039039086
863507039039185
863507039039284
863507039039565
863507039047840
863507039048269
863507039050125
863507039051545
863507039052444
863507039052964
863507039053046
863507039054283
863507039054705
863507039074323
863507039074463
863507039075106
863507039075163
863507039098926
863507039098983
863507039099221
863507039099288
863507039107982
863507039108741
863507039109962
863507039110168
863507039115449
863507039129705
863507039272703
863507039272760
863507039272828
863507039272844
863507039300207
863507039300488
863507039300603
863507039306881
863507039360359
863507039415278
863507039415575
863507039424510
863507039424577
863507039424593
863507039424890
863507039434410
863507039442736
863507039442793
863507039442850
863507039442918
863507039443015
863507039443056
863507039503271
863507039503297
863507039503339
863507039503479
863507039503511
863507039503610
863507039503636
863507039503792
863507039503875
863507039503917
863507039503958
863507039503990
863507039504014
863507039504055
863507039504071
863507039504477
863507039504972
863507039504998
863507039505110
863507039505334
863507039505532
863507039505573
863507039506779
863507039506795
863507039507132
863507039507256
863507039507330
863507039507439
863507039507470
863507039507579
863507039507611
863507039507694
863507039507777
863507039507835
863507039507934
863507039507991
863507039510896
863507039511472
863507039512850
863507039513031
863507039513155
863507039513171
863507039513338
863507039513411
863507039513478
863507039513494
863507039513593
863507039513734
863507039513817
863507039513932
863507039514054
863507039514179
863507039514195
863507039514278
863507039514310
863507039514419
863507039514435
863507039514450
863507039514492
863507039514518
863507039514534
863507039514757
863507039514815
863507039515218
863507039515275
863507039515713
863507039515739
863507039515796
863507039516034
863507039516117
863507039516133
863507039516158
863507039516497
863507039516570
863507039516653
863507039516695
863507039517032
863507039517313
863507039517412
863507039522354
863507039524855
863507039525134
863507039529771
863507039529912
863507039529953
863507039530175
863507039530191
863507039530233
863507039531397
863507039531595
863507039531652
863507039531694
863507039531793
863507039531850
863507039531918
863507039532254
863507039532296
863507039532338
863507039532577
863507039532650
863507039532718
863507039532817
863507039532890
863507039532916
863507039533013
863507039533278
863507039533294
863507039533419
863507039533492
863507039533799
863507039533872
863507039534011
863507039534151
863507039534557
863507039534599
863507039534631
863507039535034
863507039541297
863507039541339
863507039541396
863507039541453
863507039542030
863507039542071
863507039542154
863507039542295
863507039542592
863507039542717
863507039542733
863507039542790
863507039542956
863507039543251
863507039543319
863507039543350
863507039543376
863507039543392
863507039543475
863507039543491
863507039543939
863507039544093
863507039544515
863507039544812
863507039544853
863507039544911
863507039545116
863507039545751
863507039546015
863507039547674
863507039548516
863507039549357
863507039549696
863507039550611
863507039552138
863507039552393
863507039552518
863507039552534
863507039552815
863507039553037
863507039553318
863507039553391
863507039553490
863507039556139
863507039556196
863507039557475
863507039557558
863507039557590
863507039557814
863507039558119
863507039558135
863507039558358
863507039563531
863507039563572
863507039563838
863507039563978
863507039563994
863507039564174
863507039564273
863507039564513
863507039564596
863507039565973
863507039566971
863507039566997
863507039578877
863507039579057
863507039579156
863507039594817
863507039594932
863507039595038
863507039595152
863507039595293
863507039595319
863507039595335
863507039595392
863507039595558
863507039596838
863507039596853
863507039597216
863507039597315
863507039597471
863507039597653
863507039598131
863507039598214
863507039598230
863507039598271
863507039598875
863507039599097
863507039601612
863507039601638
863507039601877
863507039601935
863507039601950
863507039602198
863507039602297
863507039602859
863507039602875
863507039602958
863507039603196
863507039603279
863507039603436
863507039603899
863507039613930
863507039614011
863507039614037
863507039614870
863507039623814
863507039623939
863507039624010
863507039624077
863507039624176
863507039624275
863507039624358
863507039625637
863507039625991
863507039626213
863507039626239
863507039626411
863507039626437
863507039626494
863507039626510
863507039626650
863507039626775
863507039626791
863507039627294
863507039629019
863507039629795
863507039631155
863507039631536
863507039631650
863507039631833
863507039631890
863507039632930
863507039632971
863507039633250
863507039633391
863507039634092
863507039634118
863507039634233
863507039634316
863507039634357
863507039634373
863507039634811
863507039634936
863507039635032
863507039635339
863507039635537
863507039635552
863507039635834
863507039635859
863507039636352
863507039636436
863507039636493
863507039636691
863507039636733
863507039636956
863507039636972
863507039637111
863507039637277
863507039637715
863507039654454
863507039654553
863507039654611
863507039654835
863507039655014
863507039655097
863507039655295
863507039655337
863507039655535
863507039655634
863507039655675
863507039655774
863507039655873
863507039655899
863507039656038
863507039656053
863507039656194
863507039656251
863507039656632
863507039656699
863507039657952
863507039658059
863507039658133
863507039658257
863507039658471
863507039658539
863507039658679
863507039658752
863507039658810
863507039658935
863507039658976
863507039659032
863507039660998
863507039687496
863507039687538
863507039687595
863507039687736
863507039689310
863507039689450
863507039689476
863507039689575
863507039689617
863507039689732
863507039689799
863507039689815
863507039690078
863507039690094
863507039690235
863507039690276
863507039690813
863507039690896
863507039691092
863507039691159
863507039691316
863507039691530
863507039692074
863507039694112
863507039694476
863507039694799
863507039694856
863507039695077
863507039695358
863507039695416
863507039706171
863507039706296
863507039714530
863507039715297
863507039715370
863507039715412
863507039715693
863507039715750
863507039716055
863507039716097
863507039716113
863507039716295
863507039716378
863507039716451
863507039716592
863507039716915
863507039716931
863507039717178
863507039717434
863507039717558
863507039717574
863507039717731
863507039718010
863507039724091
863507039743653
863507039810999
863507039831193
863507039832217
863507039833579
863507039838495
863507039840459
863507039840590
863507039840756
863507039841077
863507039850110
863507039852090
863507039853155
863507039854559
863507039877592
863507039877790
863507039880257
863507039881693
863507039883574
863507039885595
863507039885694
863507039885959
863507039886916
863507039887153
863507039888052
863507039888375
863507039898176
863507039927819
863507039931357
863507039932058
863507039942818
863507039942834
863507039942859
863507039942891
863507039958012
863507039958178
863507039958491
863507039958699
863507039958756
863507039958772
863507039958814
863507039958939
863507039960430
863507039960455
863507039960638
863507039966510
863507039967617
863507039968896
863507039968912
863507039969597
863507039969753
863507039969837
863507039970256
863507039970314
863507039970397
863507039970710
863507039970751
863507039970835
863507039970918
863507039970934
863507039971072
863507039971114
863507039971155
863507039971197
863507039974837
863507039975974
863507039976311
863507039976337
863507039976378
863507039976493
863507039976634
863507039977095
863507039977236
863507039977392
863507039977434
863507039977558
863507039977632
863507039977756
863507039977830
863507039977913
863507039978176
863507039978218
863507039978291
863507039978374
863507039978473
863507039978556
863507039978796
863507039978812
863507039978838
863507039978853
863507039978911
863507039979091
863507039979315
863507039979372
863507039980677
863507039980776
863507039980933
863507039980974
863507039981311
863507039982178
863507039982236
863507039982533
863507039982616
863507039982673
863507039982756
863507039982814
863507039983358
863507039983853
863507039983911
863507039984075
863507039984331
863507039990452
863507039990510
863507039991054
863507039991674
863507039991732
863507039991757
863507039992235
863507039992433
863507039992839
863507039992870
863507039992995
863507039993019
863507039993050
863507039993191
863507039993290
863507039993399
863507039993456
863507039993555
863507039993613
863507039993696
863507039993894
863507039994090
863507039994116
863507039994132
863507039994199
863507039994256
863507039994272
863507039994413
863507039994512
863507039994595
863507039994678
863507039994850
863507039994892
863507039995071
863507039995139
863507039995436
863507039995535
863507039995592
863507039995915
863507030052716
863507031337207
863507031350663
863507031350689
863507031351588
863507031453723
863507031471022
863507031472822
863507031473168
863507031474208
863507031474547
863507031475825
863507031476526
863507031500242
863507031500325
863507031502404
863507031502644
863507031503741
863507031521321
863507031522147
863507031537566
863507031538408
863507031539422
863507031540289
863507031541048
863507031568322
863507031578529
863507031578966
863507031579824
863507031742604
863507031744501
863507031844343
863507031845944
863507031846264
863507031846686
863507031847163
863507031889843
863507031890445
863507032023640
863507032023962
863507032024564
863507032024887
863507032029720
863507032032245
863507032033029
863507032033102
863507032033441
863507032036923
863507032037285
863507032037681
863507032050106
863507032050148
863507032057101
863507032057226
863507032057242
863507032110629
863507032110785
863507032110926
863507032116188
863507032117962
863507032118424
863507032121162
863507032155848
863507032156788
863507032157109
863507032157125
863507032157141
863507032182909
863507032183048
863507032198483
863507032198863
863507033055906
863507033056003
863507033058223
863507033081563
863507033092222
863507033092248
863507033096686
863507033107145
863507033309881
863507033313008
863507033313024
863507033313420
863507033313586
863507033316084
863507033316266
863507033327503
863507033328147
863507033330440
863507033330549
863507033399940
863507033400268
863507033413162
863507033413568
863507033413741
863507033434200
863507033448846
863507033467184
863507033469024
863507033621384
863507033637182
863507033641960
863507033642307
863507033642323
863507033642885
863507033697327
863507033781048
863507033781204
863507033781246
863507033781543
863507033781949
863507033782541
863507033782566
863507033782889
863507033783044
863507033783143
863507033783622
863507033784141
863507033784349
863507033784406
863507033784463
863507033784521
863507033784604
863507033784646
863507033784786
863507033784984
863507033785320
863507033785486
863507033785528
863507033787045
863507033787060
863507033787144
863507033789561
863507033789686
863507033789785
863507033789942
863507033789967
863507033790023
863507033790163
863507033790221
863507033790247
863507033790320
863507033790486
863507033790726
863507033791021
863507033791302
863507033791344
863507033791567
863507033791583
863507033795709
863507033795824
863507033796020
863507033796186
863507033796541
863507033796582
863507033796723
863507033796988
863507033797069
863507033797184
863507033797267
863507033798927
863507033829029
863507033829060
863507033829441
863507033829821
863507033830183
863507033830407
863507033830423
863507033830563
863507033830605
863507033830720
863507033830969
863507033831348
863507033831363
863507033837089
863507033837220
863507033837303
863507033837360
863507033837568
863507033838129
863507033839507
863507033839648
863507033839747
863507033842360
863507033842386
863507033842980
863507033843004
863507033843145
863507033843285
863507033855685
863507033855768
863507033855800
863507033856063
863507033856246
863507033856360
863507033856600
863507033857905
863507033857962
863507033858028
863507033858226
863507033858283
863507033858549
863507033858663
863507033858689
863507033858820
863507033858861
863507033858986
863507033861428
863507033861543
863507033861683
863507033862228
863507033862269
863507033862905
863507033863085
863507033863481
863507033864026
863507033864109
863507033864141
863507033864521
863507033864547
863507033864828
863507033866500
863507033867128
863507033867227
863507033867243
863507033867268
863507033892829
863507033895780
863507033895806
863507033935461
863507033952722
863507033956327
863507033956400
863507033956483
863507033956822
863507033957267
863507033957762
863507033957788
863507033957887
863507033958067
863507033958182
863507033958208
863507033958364
863507033958463
863507033958869
863507033959024
863507033959263
863507033959404
863507033959420
863507033959487
863507033959503
863507033959586
863507033959602
863507033959628
863507033959669
863507033959867
863507033974262
863507033976085
863507033992082
863507034373340
863507034492587
863507034509000
863507034510867
863507034604702
863507034619023
863507034621409
863507034622282
863507034622704
863507034625384
863507034778183
863507034779900
863507034782144
863507034782508
863507034782920
863507034882969
863507034882985
863507034883082
863507034883165
863507034883405
863507034883504
863507034884049
863507034884247
863507034884346
863507034884429
863507034884544
863507034884742
863507034885228
863507034885301
863507034885400
863507034885749
863507034885822
863507034885988
863507034886028
863507034886226
863507034886325
863507034887042
863507034894584
863507034894741
863507034895003
863507034895169
863507034895201
863507034895607
863507034895649
863507034896043
863507034896126
863507034896407
863507034896423
863507034896647
863507034896662
863507034896704
863507034896860
863507034897322
863507034897769
863507034899062
863507034901603
863507034916387
863507034935429
863507034935585
863507034935668
863507034935742
863507034936021
863507034936666
863507034936708
863507034936724
863507034936807
863507034936823
863507034936849
863507034936864
863507034936906
863507034936989
863507034937169
863507034937508
863507034937524
863507034940304
863507034940528
863507034940809
863507034940908
863507034941567
863507034941609
863507034941807
863507034942003
863507034942169
863507034942284
863507034942524
863507034943001
863507034943043
863507034943126
863507034943167
863507034943340
863507034943506
863507034943589
863507034943985
863507034944025
863507034944181
863507034944207
863507034944389
863507034944405
863507034944447
863507034944504
863507034944546
863507034944561
863507034944603
863507034944702
863507034944884
863507034945345
863507034945360
863507034945444
863507034945501
863507034945600
863507034945626
863507034946046
863507034946103
863507034946160
863507034946202
863507034966002
863507034967067
863507034967703
863507034968040
863507034968487
863507034973040
863507034999003
863507035054709
863507035054980
863507035055482
863507035055540
863507035055706
863507035055961
863507035056068
863507035056308
863507035056340
863507035056423
863507035056563
863507035056688
863507035056845
863507035056944
863507035057041
863507035057223
863507035057421
863507035057488
863507035059880
863507035065408
863507035065663
863507035065820
863507035065945
863507035066042
863507035066083
863507035066208
863507035083260
863507035083344
863507035083427
863507035083864
863507035083922
863507035083963
863507035092766
863507035092808
863507035092840
863507035092865
863507035093566
863507035094069
863507035094242
863507035094481
863507035094580
863507035097609
863507035097864
863507035097922
863507035098128
863507035098607
863507035098649
863507035098904
863507035099225
863507035099241
863507035099589
863507035099787
863507035100064
863507035100965
863507035101120
863507035101906
863507035102060
863507035103423
863507035103720
863507035103928
863507035104041
863507035104082
863507035104165
863507035104462
863507035104900
863507035105568
863507035105683
863507035106244
863507035107986
863507035110949
863507035111202
863507035113406
863507035113422
863507035113760
863507035113901
863507035114081
863507035114164
863507035114263
863507035114503
863507035114602
863507035114628
863507035114685
863507035114784
863507035114867
863507035115021
863507035115120
863507035115146
863507035115286
863507035124601
863507035127885
863507035127968
863507035128008
863507035128040
863507035128107
863507035128800
863507035128966
863507035129329
863507035130087
863507035130228
863507035130244
863507035130269
863507035130509
863507035130749
863507035130822
863507035130889
863507035131184
863507035131325
863507035131366
863507035131580
863507035131804
863507035133321
863507035135029
863507035136183
863507035213909
863507035213941
863507035214121
863507035214246
863507035214360
863507035214402
863507035214469
863507035215623
863507035216787
863507035216985
863507035231828
863507035233402
863507035236009
863507035236041
863507035238781
863507035238807
863507035255447
863507035261460
863507035261627
863507035266626
863507035267905
863507035268200
863507035268945
863507035268960
863507035269000
863507035269166
863507035269588
863507035269646
863507035269885
863507035270263
863507035270388
863507035270800
863507035270883
863507035271006
863507035271147
863507035271261
863507035271568
863507035271808
863507035271865
863507035271881
863507035271923
863507035271980
863507035272368
863507035272442
863507035272608
863507035278787
863507035279066
863507035279348
863507035279363
863507035279405
863507035279462
863507035279843
863507035279868
863507035279942
863507035280007
863507035280080
863507035280221
863507035280387
863507035280445
863507035280486
863507035281104
863507035281427
863507035281443
863507035282342
863507035282383
863507035282649
863507035282706
863507035283225
863507035296664
863507035296888
863507035296961
863507035297084
863507035297480
863507035297522
863507035297886
863507035298041
863507035298207
863507035298280
863507035300201
863507035300409
863507035300524
863507035300581
863507035300706
863507035300722
863507035300748
863507035300763
863507035301043
863507035301480
863507035301621
863507035301662
863507035301761
863507035301860
863507035301886
863507035301944
863507035302322
863507035302389
863507035302405
863507035302488
863507035302546
863507035307842
863507035307883
863507035307982
863507035355460
863507035355528
863507035355825
863507035356740
863507035356864
863507035356906
863507035357128
863507035357169
863507035357987
863507035358027
863507035358043
863507035358126
863507035358266
863507035358324
863507035358340
863507035358969
863507035359843
863507035360205
863507035366400
863507035366442
863507035366467
863507035366483
863507035366608
863507035367028
863507035367226
863507035367242
863507035367283
863507035367507
863507035367564
863507035367606
863507035368703
863507035368869
863507035368984
863507035369248
863507035369263
863507035369305
863507035369347
863507035369420
863507035369784
863507035369800
863507035376789
863507035376888
863507035376946
863507035381623
863507035381680
863507035382043
863507035382142
863507035382340
863507035382423
863507035382621
863507035382688
863507035382845
863507035383348
863507035383728
863507035383884
863507035383926
863507035384080
863507035384262
863507035384544
863507035385426
863507035385467
863507035385665
863507035385905
863507035386069
863507035386184
863507035386325
863507035386408
863507035386507
863507035386580
863507035386606
863507035386986
863507035387067
863507035387208
863507035387463
863507035387505
863507035387703
863507035387802
863507035389220
863507035389402
863507035389428
863507035389709
863507035389725
863507035390160
863507035391382
863507035416668
863507035416767
863507035416965
863507035417104
863507035417328
863507035417385
863507035417443
863507035417625
863507035453166
863507035483841
863507035483866
863507035484427
863507035484682
863507035484708
863507035484948
863507035486604
863507035486729
863507035491661
863507035493949
863507035493980
863507035494046
863507035494061
863507035494368
863507035494467
863507035494905
863507035495365
863507035495688
863507035500065
863507035500164
863507035500263
863507035500420
863507035500446
863507035500727
863507035500768
863507035501162
863507035501220
863507035501360
863507035501402
863507035501964
863507035502301
863507035502467
863507035502525
863507035502947
863507035502962
863507035503002
863507035503028
863507035503226
863507035503408
863507035503507
863507035503564
863507035503663
863507035505965
863507035506245
863507035507540
863507035507565
863507035507623
863507035507862
863507035508845
863507035510585
863507035511344
863507035511443
863507035511567
863507035511682
863507035511765
863507035511823
863507035511963
863507035511989
863507035512268
863507035512367
863507035512383
863507035512508
863507035512540
863507035514884
863507035515840
863507035516061
863507035530682
863507035530880
863507035531243
863507035531482
863507035531524
863507035531607
863507035534221
863507035534981
863507035535723
863507035535764
863507035535962
863507035541127
863507035549880
863507035549922
863507035549948
863507035550003
863507035550086
863507035550128
863507035550268
863507035550409
863507035550482
863507035550607
863507035550789
863507035551084
863507035551381
863507035551621
863507035551746
863507035551787
863507035551829
863507035551928
863507035551944
863507035552165
863507035552280
863507035552587
863507035558923
863507035562263
863507035562289
863507035562503
863507035562669
863507035562727
863507035563022
863507035563840
863507035564244
863507035565001
863507035565381
863507035565449
863507035565787
863507035566181
863507035566264
863507035818129
863507035818624
863507035818848
863507035819101
863507035819549
863507035819762
863507035820026
863507035820125
863507035820505
863507035820547
863507035820687
863507035820703
863507035820869
863507035820901
863507035820968
863507035821107
863507035821305
863507035821347
863507035821388
863507035821420
863507035821461
863507035821560
863507035841444
863507035841543
863507035841584
863507035841642
863507035841964
863507035842244
863507035842269
863507035842327
863507035842541
863507035842921
863507035843028
863507035843424
863507035843523
863507035843549
863507035843721
863507035851088
863507035851161
863507035851245
863507035851302
863507035851344
863507035851484
863507035851609
863507035851708
863507035851765
863507035852201
863507035852243
863507035852367
863507035866227
863507035981927
863507036002061
863507036003382
863507036003580
863507036003986
863507036014868
863507036015006
863507036015147
863507036015204
863507036015287
863507036015303
863507036015345
863507036015568
863507036015626
863507036016046
863507036016087
863507036016228
863507036016525
863507036016566
863507036016665
863507036019545
863507036020147
863507036022044
863507036022283
863507036022382
863507036022549
863507036022648
863507036023307
863507036023448
863507036023547
863507036029106
863507036029189
863507036037802
863507036039501
863507036039725
863507036040301
863507036040327
863507036040608
863507036040665
863507036040681
863507036040889
863507036041440
863507036041523
863507036041747
863507036041762
863507036066447
863507036066629
863507036067049
863507036071264
863507036072460
863507036133247
863507036133429
863507036133486
863507036133643
863507036133726
863507036134542
863507036134567
863507036134625
863507036173862
863507036174027
863507036174183
863507036174282
863507036174522
863507036174563
863507036174860
863507036174902
863507036174969
863507036175024
863507036175040
863507036175123
863507036175180
863507036175206
863507036175487
863507036175727
863507036176105
863507036176287
863507036176642
863507036176683
863507036177145
863507036177244
863507036177384
863507036177483
863507036177707
863507036177988
863507036178184
863507036178283
863507036178309
863507036178424
863507036178465
863507036178648
863507036178820
863507036178887
863507036178945
863507036178986
863507036179083
863507036179208
863507036179265
863507036179323
863507036179349
863507036179661
863507036179802
863507036180206
863507036180701
863507036180768
863507036180800
863507036182327
863507036182780
863507036182863
863507036182889
863507036183069
863507036183101
863507036183242
863507036199024
863507036199180
863507036199321
863507036199446
863507036199586
863507036199602
863507036199644
863507036199727
863507036199800
863507036199883
863507036200285
863507036200327
863507036201325
863507036201440
863507036201465
863507036201481
863507036201523
863507036201549
863507036201606
863507036201663
863507036201721
863507036202323
863507036205227
863507036206381
863507036206589
863507036206860
863507036207124
863507036207181
863507036265841
863507036265924
863507036266369
863507036266468
863507036266708
863507036266989
863507036267003
863507036267144
863507036267805
863507036268001
863507036268027
863507036268142
863507036268183
863507036268803
863507036269546
863507036325025
863507036325124
863507036325140
863507036325926
863507036327021
863507036389229
863507036389369
863507036392769
863507036400729
863507036400786
863507036401222
863507036401347
863507036401362
863507036401420
863507036401503
863507036401560
863507036402600
863507036402865
863507036403061
863507036403467
863507036403525
863507036403681
863507036403822
863507036405348
863507036408466
863507036408581
863507036408722
863507036408821
863507036408862
863507036408888
863507036408961
863507036409183
863507036409241
863507036409407
863507036409746
863507036409902
863507036410207
863507036410249
863507036410306
863507036410348
863507036410405
863507036411064
863507036411080
863507036411585
863507036411809
863507036412005
863507036412203
863507036412302
863507036412401
863507036412666
863507036412708
863507036412781
863507036412864
863507036576684
863507036605608
863507036608289
863507036610442
863507036627446
863507036628824
863507036628840
863507036628865
863507036629020
863507036629368
863507036630226
863507036630960
863507036636124
863507036636926
863507036649606
863507036654747
863507036662682
863507036663482
863507036685725
863507036701688
863507036701787
863507036715183
863507036715647
863507036716082
863507036716124
863507036716207
863507036716900
863507036725968
863507036726024
863507036726081
863507036726164
863507036726586
863507036726727
863507036727600
863507036727824
863507036727840
863507036728566
863507036729044
863507036729085
863507036758928
863507036901684
863507036901783
863507036946143
863507037787488
863507037787561
863507037787728
863507037787868
863507037787942
863507037787983
863507037788502
863507037789021
863507037789104
863507037789260
863507037789328
863507037789344
863507037789781
863507037790029
863507037790102
863507037790243
863507037790268
863507037790540
863507037790565
863507037790607
863507037820388
863507037821444
863507037821543
863507037821600
863507037821964
863507037822244
863507037822301
863507037822525
863507037822723
863507037823002
863507037823069
863507037823085
863507037824943
863507037825007
863507037828985
863507037834421
863507037835980
863507037836301
863507037836400
863507037875481
863507037875507
863507037875549
863507037875986
863507037876109
863507037879848
863507037881224
863507037881240
863507037881505
863507037881802
863507037882065
863507037882164
863507037882644
863507037882925
863507037883063
863507037884681
863507037922523
863507037922622
863507037922705
863507037929007
863507037929445
863507037929742
863507037929866
863507037929940
863507037930120
863507037930864
863507037931441
863507037931540
863507037946100
863507037946365
863507037946803
863507037947082
863507037947983
863507037948247
863507038034823
863507038036083
863507038036166
863507038048369
863507038049565
863507038050563
863507038064101
863507038065728
863507038086203
863507038086286
863507038086682
863507038086724
863507038086765
863507038086963
863507038087029
863507038087367
863507038087441
863507038087680
863507038087961
863507038088027
863507038088126
863507038088142
863507038088241
863507038088282
863507038088464
863507038088506
863507038088860
863507038091161
863507038091849
863507038101705
863507038102141
863507038102364
863507038102422
863507038102646
863507038102968
863507038103024
863507038103164
863507038103404
863507038103628
863507038103669
863507038103982
863507038104469
863507038104782
863507038104865
863507038105102
863507038105185
863507038105268
863507038105623
863507038111969
863507038112322
863507038112488
863507038116224
863507038116265
863507038116281
863507038116349
863507038116380
863507038116406
863507038116422
863507038116604
863507038116729
863507038116786
863507038116901
863507038117107
863507038117925
863507038118105
863507038118287
863507038118386
863507038118485
863507038118840
863507038118907
863507038118923
863507038119665
863507038119988
863507038120002
863507038120168
863507038121604
863507038121703
863507038121786
863507038121927
863507038122040
863507038122305
863507038122420
863507038122503
863507038136941
863507038141487
863507038145447
863507038145488
863507038145587
863507038196648
863507038196788
863507038227088
863507038265500
863507038267308
863507038267381
863507038301347
863507038314902
863507038318903
863507038320826
863507038321147
863507038321964
863507038322046
863507038322160
863507038322400
863507038326187
863507038326245
863507038328266
863507038328308
863507038344446
863507038347282
863507038347324
863507038347407
863507038350922
863507038351185
863507038361184
863507038361721
863507038362067
863507038362083
863507038362109
863507038362125
863507038362984
863507038363008
863507038363628
863507038378261
863507038378766
863507038378824
863507038378923
863507038379160
863507038379228
863507038379749
863507038379905
863507038380523
863507038380648
863507038382040
863507038382685
863507038388807
863507038389185
863507038389565
863507038389722
863507038389904
863507038389961
863507038389987
863507038390563
863507038390589
863507038390845
863507038390886
863507038391124
863507038391405
863507038391561
863507038391884
863507038392445
863507038392502
863507038392544
863507038453601
863507038458527
863507038459764
863507038459780
863507038460820
863507038461125
863507038461208
863507038461406
863507038461521
863507038461802
863507038461828
863507038461869
863507038473161
863507038473203
863507038473286
863507038473427
863507038473526
863507038473567
863507038474326
863507038475000
863507038475166
863507038475869
863507038475984
863507038477204
863507038541983
863507038543542
863507038543567
863507038543989
863507038544029
863507038544524
863507038548848
863507038548905
863507038549705
863507038550786
863507038550844
863507038551008
863507038556825
863507038593083
863507038593281
863507038593927
863507038601720
863507038602108
863507038615043
863507038615183
863507038616041
863507038630901
863507038631040
863507038644985
863507038648184
863507038649109
863507038649166
863507038657706
863507038715561
863507038715603
863507038715645
863507038719027
863507038719225
863507038719423
863507038719720
863507038720264
863507038720520
863507038720587
863507038720686
863507038720843
863507038721064
863507038721106
863507038721148
863507038721502
863507038721742
863507038721866
863507038722260
863507038722708
863507038722823
863507038722922
863507038722989
863507038723060
863507038723201
863507038723342
863507038723367
863507038723425
863507038723763
863507038724381
863507038724589
863507038724621
863507038724688
863507038724746
863507038729166
863507038730420
863507038743365
863507038743704
863507038749081
863507038749123
863507038751665
863507038774204
863507038784906
863507038789129
863507038870242
863507038950606
863507038950622
863507038951281
863507038951729
863507038953063
863507038953105
863507038953220
863507038953287
863507038953485
863507038953568
863507038953907
863507038953949
863507038954046
863507038955407
863507038955506
863507038956124
863507038956447
863507038957965
863507038958641
863507038960589
863507038960704
863507038960886
863507038961389
863507038973863
863507038983367
863507038983383
863507038983441
863507038983680
863507038985529
863507038985727
863507038986089
863507038986105
863507038997649
863507039017744
863507039021704
863507039021886
863507039027982
863507039028220
863507039037080
863507039037601
863507039037627
863507039038500
863507039039789
863507039050562
863507039052147
863507039052162
863507039052204
863507039052287
863507039052907
863507039054267
863507039054507
863507039098801
863507039099023
863507039099148
863507039107040
863507039107768
863507039108089
863507039272604
863507039300249
863507039300504
863507039402011
863507039403597
863507039414313
863507039415492
863507039415633
863507039424494
863507039424858
863507039442777
863507039442835
863507039503396
863507039503537
863507039503693
863507039503974
863507039504030
863507039504097
863507039504154
863507039504550
863507039504576
863507039504659
863507039504733
863507039504790
863507039504857
863507039505052
863507039505078
863507039505359
863507039506738
863507039506753
863507039506894
863507039506910
863507039506977
863507039507116
863507039507371
863507039507553
863507039507652
863507039507850
863507039508098
863507039511514
863507039511530
863507039511555
863507039511571
863507039513056
863507039513130
863507039513239
863507039513254
863507039513452
863507039513510
863507039513551
863507039513676
863507039513973
863507039514393
863507039514617
863507039514732
863507039514773
863507039514856
863507039514898
863507039514971
863507039515036
863507039515291
863507039515630
863507039515994
863507039516059
863507039516414
863507039516455
863507039516919
863507039517057
863507039517099
863507039517131
863507039517214
863507039517230
863507039517339
863507039517370
863507039517511
863507039520036
863507039524970
863507039526579
863507039529755
863507039529839
863507039529979
863507039530134
863507039531314
863507039531355
863507039531371
863507039531637
863507039531710
863507039532239
863507039532395
863507039532452
863507039532494
863507039532635
863507039532734
863507039533054
863507039533179
863507039533237
863507039533518
863507039533575
863507039533773
863507039533955
863507039534110
863507039535059
863507039541156
863507039541172
863507039541255
863507039541412
863507039541750
863507039541792
863507039542352
863507039542535
863507039542576
863507039542915
863507039543236
863507039543418
863507039543756
863507039544036
863507039544218
863507039544291
863507039544499
863507039544572
863507039544770
863507039544895
863507039544937
863507039545058
863507039545132
863507039545157
863507039545496
863507039545678
863507039545850
863507039546114
863507039548235
863507039548854
863507039549092
863507039549738
863507039549779
863507039550371
863507039552591
863507039552898
863507039553151
863507039553235
863507039553433
863507039553532
863507039556113
863507039557418
863507039557459
863507039557491
863507039557855
863507039557970
863507039558036
863507039558390
863507039563390
863507039563556
863507039563614
863507039563895
863507039564570
863507039564893
863507039564919
863507039564935
863507039565536
863507039565890
863507039565999
863507039566039
863507039566054
863507039566450
863507039566955
863507039567011
863507039567037
863507039572870
863507039573076
863507039573290
863507039579032
863507039579099
863507039592936
863507039594957
863507039595517
863507039597075
863507039597091
863507039597273
863507039597299
863507039597695
863507039598651
863507039598693
863507039598834
863507039598859
863507039598990
863507039602131
863507039602818
863507039602891
863507039603170
863507039603238
863507039603998
863507039615612
863507039621933
863507039623574
863507039623772
863507039623798
863507039624218
863507039624317
863507039624374
863507039624531
863507039624812
863507039624952
863507039625678
863507039625918
863507039625975
863507039626015
863507039626072
863507039626130
863507039626171
863507039626312
863507039627377
863507039628334
863507039628573
863507039628755
863507039629779
863507039629811
863507039629894
863507039629936
863507039629993
863507039630199
863507039630330
863507039630439
863507039630470
863507039630496
863507039630553
863507039630678
863507039630850
863507039630959
863507039631171
863507039631395
863507039631718
863507039631775
863507039633193
863507039633912
863507039634191
863507039634431
863507039634456
863507039634654
863507039635354
863507039635495
863507039637574
863507039637699
863507039637772
863507039637939
863507039637996
863507039638077
863507039638937
863507039654652
863507039654876
863507039655055
863507039655139
863507039655998
863507039656277
863507039656517
863507039656673
863507039658034
863507039658117
863507039658158
863507039658315
863507039658356
863507039658372
863507039658414
863507039658554
863507039658653
863507039658711
863507039659115
863507039687512
863507039687553
863507039687694
863507039689294
863507039689435
863507039689633
863507039689856
863507039690037
863507039690110
863507039690599
863507039690912
863507039691050
863507039691274
863507039691415
863507039691498
863507039692017
863507039694815
863507039694872
863507039695010
863507039695036
863507039695119
863507039695630
863507039714811
863507039715495
863507039715651
863507039715735
863507039715917
863507039716154
863507039716196
863507039716279
863507039716550
863507039716733
863507039716790
863507039717236
863507039717491
863507039717715
863507039717855
863507039786298
863507039788336
863507039817333
863507039831979
863507039838313
863507039838438
863507039840699
863507039840731
863507039840897
863507039840954
863507039841473
863507039842679
863507039842794
863507039845672
863507039849070
863507039850094
863507039853858
863507039879697
863507039880216
863507039880273
863507039886791
863507039887591
863507039887971
863507039898119
863507039899158
863507039927850
863507039930599
863507039942776
863507039958053
863507039958152
863507039958293
863507039958319
863507039958434
863507039958590
863507039958657
863507039958673
863507039958830
863507039958897
863507039958954
863507039960315
863507039960356
863507039960414
863507039960497
863507039960539
863507039960836
863507039966676
863507039967658
863507039968250
863507039969936
863507039970116
863507039970330
863507039970371
863507039970512
863507039970553
863507039970819
863507039970892
863507039970959
863507039970991
863507039974852
863507039976014
863507039976055
863507039976410
863507039976576
863507039976618
863507039976816
863507039976931
863507039977335
863507039978051
863507039978192
863507039978234
863507039978416
863507039978499
863507039978630
863507039978952
863507039979059
863507039979158
863507039979232
863507039979257
863507039979356
863507039979430
863507039979596
863507039980735
863507039980818
863507039981030
863507039982038
863507039982418
863507039982632
863507039982657
863507039982855
863507039983010
863507039983093
863507039983150
863507039983176
863507039983234
863507039983275
863507039983333
863507039983374
863507039983614
863507039983838
863507039983937
863507039984133
863507039984315
863507039991716
863507039991872
863507039992177
863507039993035
863507039993332
863507039993795
863507039993878
863507039993910
863507039993951
863507039994298
863507039994538
863507039994694
863507039995097
863507039995154
863507039995212
863507039995295
863507039995774
863507039995873
863507030400063
863507030400881
863507030401327
863507030402143
863507030402549
863507030403729
863507030403901
863507030433189
863507030434724
863507030438121
863507030459705
863507030568968
863507030569008
863507030569065
863507030619522
863507030619605
863507030779482
863507030779508
863507030781447
863507030872121
863507030872360
863507030872501
863507030872626
863507030873442
863507030988307
863507031088347
863507031255201
863507031258965
863507031266349
863507031298623
863507031298649
863507031298680
863507031298904
863507031298920
863507031298961
863507031331044
863507031336969
863507031336985
863507031337066
863507031337249
863507031337348
863507031337488
863507031337769
863507031340425
863507031345580
863507031349921
863507031349962
863507031350002
863507031350044
863507031350127
863507031350242
863507031350283
863507031350325
863507031350382
863507031350440
863507031350564
863507031350606
863507031350622
863507031350648
863507031350721
863507031350986
863507031351026
863507031351141
863507031351208
863507031351323
863507031353188
863507031453145
863507031453186
863507031453269
863507031453764
863507031454028
863507031454200
863507031455546
863507031455645
863507031455660
863507031455827
863507031455868
863507031455926
863507031456007
863507031456023
863507031456080
863507031456148
863507031456163
863507031456247
863507031456528
863507031458920
863507031458987
863507031462880
863507031471204
863507031471261
863507031471287
863507031471386
863507031471428
863507031471469
863507031471501
863507031471626
863507031471667
863507031473044
863507031473143
863507031473184
863507031473267
863507031473309
863507031473325
863507031473424
863507031473465
863507031473606
863507031473663
863507031473705
863507031474125
863507031474141
863507031474240
863507031474265
863507031474281
863507031474307
863507031474489
863507031475866
863507031476021
863507031476229
863507031476245
863507031476260
863507031476443
863507031476500
863507031476542
863507031476625
863507031476708
863507031476724
863507031476740
863507031476922
863507031478241
863507031478308
863507031478423
863507031478464
863507031478506
863507031478548
863507031478662
863507031478688
863507031478761
863507031478787
863507031478902
863507031478969
863507031478985
863507031479124
863507031479140
863507031479165
863507031479264
863507031480783
863507031480809
863507031480825
863507031480841
863507031480866
863507031480940
863507031481005
863507031481088
863507031483167
863507031483282
863507031483381
863507031483423
863507031485485
863507031485568
863507031485584
863507031485600
863507031485824
863507031485865
863507031486061
863507031486103
863507031486160
863507031486186
863507031486285
863507031486343
863507031486509
863507031486541
863507031486608
863507031500127
863507031500143
863507031500168
863507031500267
863507031500283
863507031500309
863507031500341
863507031500424
863507031500465
863507031500507
863507031500648
863507031500663
863507031500820
863507031500846
863507031500861
863507031500903
863507031502263
863507031502362
863507031502503
863507031502685
863507031502842
863507031502966
863507031503246
863507031503428
863507031503485
863507031503600
863507031503626
863507031503725
863507031503824
863507031503865
863507031504020
863507031504145
863507031504228
863507031504244
863507031504285
863507031504327
863507031504467
863507031504483
863507031505985
863507031506025
863507031506082
863507031506108
863507031506421
863507031519820
863507031519846
863507031519887
863507031519903
863507031519986
863507031520000
863507031520042
863507031520141
863507031520380
863507031520422
863507031520547
863507031520661
863507031520703
863507031520729
863507031520786
863507031520828
863507031520901
863507031520943
863507031521024
863507031521040
863507031521081
863507031521263
863507031521404
863507031521446
863507031521560
863507031521867
863507031522048
863507031522220
863507031522246
863507031522485
863507031522527
863507031522782
863507031522824
863507031523103
863507031523244
863507031538242
863507031538382
863507031538424
863507031538481
863507031538564
863507031538663
863507031538721
863507031539760
863507031539927
863507031540024
863507031540081
863507031540123
863507031540164
863507031540180
863507031540222
863507031540305
863507031540321
863507031540347
863507031540388
863507031540420
863507031540487
863507031540685
863507031541105
863507031541121
863507031541162
863507031541188
863507031541220
863507031541444
863507031541485
863507031541501
863507031541543
863507031541584
863507031545049
863507031554587
863507031556822
863507031560006
863507031567563
863507031567589
863507031567647
863507031568389
863507031568405
863507031577927
863507031578065
863507031578388
863507031578487
863507031578503
863507031578560
863507031578586
863507031578826
863507031578925
863507031578941
863507031579246
863507031579261
863507031579584
863507031579626
863507031579766
863507031579923
863507031579964
863507031580285
863507031580442
863507031580467
863507031580566
863507031580681
863507031580707
863507031580749
863507031580848
863507031580863
863507031580962
863507031580988
863507031582687
863507031585748
863507031595861
863507031595887
863507031597503
863507031597982
863507031598006
863507031742240
863507031742422
863507031742463
863507031742489
863507031742547
863507031742661
863507031742786
863507031742802
863507031743446
863507031743487
863507031743644
863507031743669
863507031743743
863507031744162
863507031744485
863507031744527
863507031744543
863507031744584
863507031744600
863507031744642
863507031744667
863507031744709
863507031744766
863507031744782
863507031744808
863507031744824
863507031744840
863507031744949
863507031745045
863507031745102
863507031745243
863507031745342
863507031745367
863507031745383
863507031745425
863507031745466
863507031745482
863507031746860
863507031746928
863507031746944
863507031746985
863507031791767
863507031815129
863507031815145
863507031815160
863507031815202
863507031815384
863507031839665
863507031839947
863507031839988
863507031844301
863507031844400
863507031844665
863507031844723
863507031844822
863507031844863
863507031844905
863507031844921
863507031845027
863507031845084
863507031845142
863507031845241
863507031845282
863507031845365
863507031845381
863507031845605
863507031845621
863507031845688
863507031845761
863507031845860
863507031845928
863507031845985
863507031846223
863507031846348
863507031846462
863507031846488
863507031846504
863507031846520
863507031846645
863507031846660
863507031846744
863507031846769
863507031846785
863507031846843
863507031846868
863507031846900
863507031846942
863507031846967
863507031846983
863507031847122
863507031847189
863507031847247
863507031847262
863507031847387
863507031847445
863507031847627
863507031847825
863507031848005
863507031848021
863507031848047
863507031848104
863507031848146
863507031848369
863507031848427
863507031848609
863507031848666
863507031848740
863507031848781
863507031848807
863507031848906
863507031848922
863507031848948
863507031848963
863507031848989
863507031849086
863507031849144
863507031849243
863507031849565
863507031849607
863507031855141
863507031855182
863507031855505
863507031855604
863507031855703
863507031855869
863507031856065
863507031856206
863507031856289
863507031856362
863507031856503
863507031856727
863507031857147
863507031857329
863507031857428
863507031857667
863507031857824
863507031858400
863507031879026
863507031880263
863507031880388
863507031880487
863507031880503
863507031880644
863507031880669
863507031880727
863507031880768
863507031880925
863507031881048
863507031881444
863507031881485
863507031881626
863507031881642
863507031881667
863507031881840
863507031881865
863507031882020
863507031882368
863507031882442
863507031882624
863507031882764
863507031882806
863507031882988
863507031883085
863507031883184
863507031883267
863507031883283
863507031883341
863507031883382
863507031883507
863507031883523
863507031883564
863507031890064
863507031890080
863507031890122
863507031890148
863507031890163
863507031890247
863507031890346
863507031890403
863507031890668
863507031890700
863507031891005
863507031904485
863507031997869
863507032002065
863507032012080
863507032023509
863507032023707
863507032024101
863507032024549
863507032029308
863507032029381
863507032032823
863507032032922
863507032033144
863507032033169
863507032033243
863507032033300
863507032033367
863507032033466
863507032034506
